W_m L_m VGS ID_A JD_mA_per_um
0.22e-6 0.28e-6 0.35 3.26888E-09 1.48586E-05
0.22e-6 0.28e-6 0.355 3.72706E-09 1.69412E-05
0.22e-6 0.28e-6 0.36 4.24735E-09 1.93061E-05
0.22e-6 0.28e-6 0.365 4.83772E-09 2.19897E-05
0.22e-6 0.28e-6 0.37 5.5071E-09 2.50323E-05
0.22e-6 0.28e-6 0.375 6.26541E-09 2.84792E-05
0.22e-6 0.28e-6 0.38 7.12375E-09 3.23807E-05
0.22e-6 0.28e-6 0.385 8.09441E-09 3.67928E-05
0.22e-6 0.28e-6 0.39 9.19107E-09 4.17776E-05
0.22e-6 0.28e-6 0.395 1.04288E-08 4.74038E-05
0.22e-6 0.28e-6 0.4 1.18245E-08 5.37475E-05
0.22e-6 0.28e-6 0.405 1.33964E-08 6.08925E-05
0.22e-6 0.28e-6 0.41 1.51648E-08 6.89311E-05
0.22e-6 0.28e-6 0.415 1.71522E-08 7.79647E-05
0.22e-6 0.28e-6 0.42 1.93829E-08 8.81043E-05
0.22e-6 0.28e-6 0.425 2.18837E-08 9.94714E-05
0.22e-6 0.28e-6 0.43 2.46837E-08 0.000112198
0.22e-6 0.28e-6 0.435 2.78145E-08 0.00012643
0.22e-6 0.28e-6 0.44 3.13108E-08 0.000142322
0.22e-6 0.28e-6 0.445 3.52096E-08 0.000160044
0.22e-6 0.28e-6 0.45 3.95513E-08 0.000179779
0.22e-6 0.28e-6 0.455 4.43792E-08 0.000201723
0.22e-6 0.28e-6 0.46 4.97398E-08 0.00022609
0.22e-6 0.28e-6 0.465 5.56829E-08 0.000253104
0.22e-6 0.28e-6 0.47 6.22616E-08 0.000283007
0.22e-6 0.28e-6 0.475 6.95326E-08 0.000316057
0.22e-6 0.28e-6 0.48 7.75555E-08 0.000352525
0.22e-6 0.28e-6 0.485 8.63937E-08 0.000392699
0.22e-6 0.28e-6 0.49 9.61136E-08 0.00043688
0.22e-6 0.28e-6 0.495 1.06785E-07 0.000485386
0.22e-6 0.28e-6 0.5 1.1848E-07 0.000538546
0.22e-6 0.28e-6 0.505 1.31275E-07 0.000596703
0.22e-6 0.28e-6 0.51 1.45247E-07 0.000660212
0.22e-6 0.28e-6 0.515 1.60476E-07 0.000729434
0.22e-6 0.28e-6 0.52 1.77044E-07 0.000804743
0.22e-6 0.28e-6 0.525 1.95034E-07 0.000886517
0.22e-6 0.28e-6 0.53 2.1453E-07 0.000975138
0.22e-6 0.28e-6 0.535 2.35618E-07 0.00107099
0.22e-6 0.28e-6 0.54 2.5838E-07 0.00117446
0.22e-6 0.28e-6 0.545 2.82902E-07 0.00128592
0.22e-6 0.28e-6 0.55 3.09265E-07 0.00140575
0.22e-6 0.28e-6 0.555 3.37551E-07 0.00153432
0.22e-6 0.28e-6 0.56 3.67839E-07 0.001672
0.22e-6 0.28e-6 0.565 4.00205E-07 0.00181911
0.22e-6 0.28e-6 0.57 4.34721E-07 0.001976
0.22e-6 0.28e-6 0.575 4.71457E-07 0.00214299
0.22e-6 0.28e-6 0.58 5.1048E-07 0.00232036
0.22e-6 0.28e-6 0.585 5.51849E-07 0.00250841
0.22e-6 0.28e-6 0.59 5.95624E-07 0.00270738
0.22e-6 0.28e-6 0.595 6.41855E-07 0.00291752
0.22e-6 0.28e-6 0.6 6.90591E-07 0.00313905
0.22e-6 0.28e-6 0.605 7.41874E-07 0.00337216
0.22e-6 0.28e-6 0.61 7.95743E-07 0.00361701
0.22e-6 0.28e-6 0.615 8.52231E-07 0.00387378
0.22e-6 0.28e-6 0.62 9.11366E-07 0.00414257
0.22e-6 0.28e-6 0.625 9.73171E-07 0.0044235
0.22e-6 0.28e-6 0.63 1.03767E-06 0.00471666
0.22e-6 0.28e-6 0.635 1.10487E-06 0.00502212
0.22e-6 0.28e-6 0.64 1.17478E-06 0.0053399
0.22e-6 0.28e-6 0.645 1.24741E-06 0.00567006
0.22e-6 0.28e-6 0.65 1.32277E-06 0.00601259
0.22e-6 0.28e-6 0.655 1.40085E-06 0.00636749
0.22e-6 0.28e-6 0.66 1.48164E-06 0.00673474
0.22e-6 0.28e-6 0.665 1.56515E-06 0.0071143
0.22e-6 0.28e-6 0.67 1.65135E-06 0.00750612
0.22e-6 0.28e-6 0.675 1.74023E-06 0.00791013
0.22e-6 0.28e-6 0.68 1.83178E-06 0.00832627
0.22e-6 0.28e-6 0.685 1.92598E-06 0.00875443
0.22e-6 0.28e-6 0.69 2.0228E-06 0.00919454
0.22e-6 0.28e-6 0.695 2.12222E-06 0.00964647
0.22e-6 0.28e-6 0.7 2.22423E-06 0.0101101
0.22e-6 0.28e-6 0.705 2.32878E-06 0.0105854
0.22e-6 0.28e-6 0.71 2.43587E-06 0.0110721
0.22e-6 0.28e-6 0.715 2.54544E-06 0.0115702
0.22e-6 0.28e-6 0.72 2.65748E-06 0.0120795
0.22e-6 0.28e-6 0.725 2.77196E-06 0.0125998
0.22e-6 0.28e-6 0.73 2.88883E-06 0.0131311
0.22e-6 0.28e-6 0.735 3.00808E-06 0.0136731
0.22e-6 0.28e-6 0.74 3.12967E-06 0.0142258
0.22e-6 0.28e-6 0.745 3.25356E-06 0.0147889
0.22e-6 0.28e-6 0.75 3.37972E-06 0.0153624
0.22e-6 0.28e-6 0.755 3.50812E-06 0.015946
0.22e-6 0.28e-6 0.76 3.63872E-06 0.0165396
0.22e-6 0.28e-6 0.765 3.77149E-06 0.0171431
0.22e-6 0.28e-6 0.77 3.9064E-06 0.0177564
0.22e-6 0.28e-6 0.775 4.04341E-06 0.0183791
0.22e-6 0.28e-6 0.78 4.18249E-06 0.0190113
0.22e-6 0.28e-6 0.785 4.32361E-06 0.0196528
0.22e-6 0.28e-6 0.79 4.46673E-06 0.0203033
0.22e-6 0.28e-6 0.795 4.61182E-06 0.0209628
0.22e-6 0.28e-6 0.8 4.75885E-06 0.0216311
0.22e-6 0.28e-6 0.805 4.90778E-06 0.0223081
0.22e-6 0.28e-6 0.81 5.05859E-06 0.0229936
0.22e-6 0.28e-6 0.815 5.21125E-06 0.0236875
0.22e-6 0.28e-6 0.82 5.36572E-06 0.0243896
0.22e-6 0.28e-6 0.825 5.52197E-06 0.0250999
0.22e-6 0.28e-6 0.83 5.67998E-06 0.0258181
0.22e-6 0.28e-6 0.835 5.83971E-06 0.0265442
0.22e-6 0.28e-6 0.84 6.00114E-06 0.0272779
0.22e-6 0.28e-6 0.845 6.16424E-06 0.0280193
0.22e-6 0.28e-6 0.85 6.32898E-06 0.0287681
0.22e-6 0.28e-6 0.855 6.49533E-06 0.0295242
0.22e-6 0.28e-6 0.86 6.66327E-06 0.0302876
0.22e-6 0.28e-6 0.865 6.83277E-06 0.031058
0.22e-6 0.28e-6 0.87 7.0038E-06 0.0318355
0.22e-6 0.28e-6 0.875 7.17635E-06 0.0326198
0.22e-6 0.28e-6 0.88 7.35038E-06 0.0334108
0.22e-6 0.28e-6 0.885 7.52587E-06 0.0342085
0.22e-6 0.28e-6 0.89 7.70279E-06 0.0350127
0.22e-6 0.28e-6 0.895 7.88114E-06 0.0358233
0.22e-6 0.28e-6 0.9 8.06087E-06 0.0366403
0.22e-6 0.28e-6 0.905 8.24197E-06 0.0374635
0.22e-6 0.28e-6 0.91 8.42442E-06 0.0382928
0.22e-6 0.28e-6 0.915 8.60819E-06 0.0391281
0.22e-6 0.28e-6 0.92 8.79327E-06 0.0399694
0.22e-6 0.28e-6 0.925 8.97963E-06 0.0408165
0.22e-6 0.28e-6 0.93 9.16725E-06 0.0416693
0.22e-6 0.28e-6 0.935 9.35612E-06 0.0425278
0.22e-6 0.28e-6 0.94 9.54621E-06 0.0433919
0.22e-6 0.28e-6 0.945 9.7375E-06 0.0442614
0.22e-6 0.28e-6 0.95 9.92998E-06 0.0451363
0.22e-6 0.28e-6 0.955 1.01236E-05 0.0460165
0.22e-6 0.28e-6 0.96 1.03184E-05 0.046902
0.22e-6 0.28e-6 0.965 1.05144E-05 0.0477926
0.22e-6 0.28e-6 0.97 1.07114E-05 0.0486882
0.22e-6 0.28e-6 0.975 1.09096E-05 0.0495889
0.22e-6 0.28e-6 0.98 1.11088E-05 0.0504944
0.22e-6 0.28e-6 0.985 1.13091E-05 0.0514048
0.22e-6 0.28e-6 0.99 1.15104E-05 0.05232
0.22e-6 0.28e-6 0.995 1.17128E-05 0.0532399
0.22e-6 0.28e-6 1 1.19162E-05 0.0541644
0.22e-6 0.28e-6 1.005 1.21206E-05 0.0550934
0.22e-6 0.28e-6 1.01 1.23259E-05 0.056027
0.22e-6 0.28e-6 1.015 1.25323E-05 0.0569649
0.22e-6 0.28e-6 1.02 1.27396E-05 0.0579073
0.22e-6 0.28e-6 1.025 1.29479E-05 0.0588539
0.22e-6 0.28e-6 1.03 1.3157E-05 0.0598047
0.22e-6 0.28e-6 1.035 1.33671E-05 0.0607598
0.22e-6 0.28e-6 1.04 1.35782E-05 0.0617189
0.22e-6 0.28e-6 1.045 1.37901E-05 0.0626821
0.22e-6 0.28e-6 1.05 1.40028E-05 0.0636493
0.22e-6 0.28e-6 1.055 1.42165E-05 0.0646204
0.22e-6 0.28e-6 1.06 1.4431E-05 0.0655954
0.22e-6 0.28e-6 1.065 1.46463E-05 0.0665742
0.22e-6 0.28e-6 1.07 1.48625E-05 0.0675568
0.22e-6 0.28e-6 1.075 1.50795E-05 0.0685431
0.22e-6 0.28e-6 1.08 1.52973E-05 0.0695331
0.22e-6 0.28e-6 1.085 1.55159E-05 0.0705267
0.22e-6 0.28e-6 1.09 1.57353E-05 0.0715239
0.22e-6 0.28e-6 1.095 1.59554E-05 0.0725246
0.22e-6 0.28e-6 1.1 1.61763E-05 0.0735287
0.22e-6 0.28e-6 1.105 1.6398E-05 0.0745363
0.22e-6 0.28e-6 1.11 1.66204E-05 0.0755472
0.22e-6 0.28e-6 1.115 1.68435E-05 0.0765615
0.22e-6 0.28e-6 1.12 1.70674E-05 0.0775791
0.22e-6 0.28e-6 1.125 1.7292E-05 0.0785998
0.22e-6 0.28e-6 1.13 1.75172E-05 0.0796238
0.22e-6 0.28e-6 1.135 1.77432E-05 0.080651
0.22e-6 0.28e-6 1.14 1.79699E-05 0.0816812
0.22e-6 0.28e-6 1.145 1.81972E-05 0.0827145
0.22e-6 0.28e-6 1.15 1.84252E-05 0.0837509
0.22e-6 0.28e-6 1.155 1.86538E-05 0.0847902
0.22e-6 0.28e-6 1.16 1.88831E-05 0.0858324
0.22e-6 0.28e-6 1.165 1.91131E-05 0.0868776
0.22e-6 0.28e-6 1.17 1.93436E-05 0.0879257
0.22e-6 0.28e-6 1.175 1.95748E-05 0.0889765
0.22e-6 0.28e-6 1.18 1.98066E-05 0.0900302
0.22e-6 0.28e-6 1.185 2.00391E-05 0.0910866
0.22e-6 0.28e-6 1.19 2.02721E-05 0.0921458
0.22e-6 0.28e-6 1.195 2.05057E-05 0.0932076
0.22e-6 0.28e-6 1.2 2.07399E-05 0.0942721
0.22e-6 0.36e-6 0.35 5.52247E-10 2.51022E-06
0.22e-6 0.36e-6 0.355 6.31611E-10 2.87096E-06
0.22e-6 0.36e-6 0.36 7.22217E-10 3.2828E-06
0.22e-6 0.36e-6 0.365 8.25614E-10 3.75279E-06
0.22e-6 0.36e-6 0.37 9.43555E-10 4.28889E-06
0.22e-6 0.36e-6 0.375 1.07803E-09 4.90012E-06
0.22e-6 0.36e-6 0.38 1.23126E-09 5.59666E-06
0.22e-6 0.36e-6 0.385 1.4058E-09 6.39001E-06
0.22e-6 0.36e-6 0.39 1.60449E-09 7.29312E-06
0.22e-6 0.36e-6 0.395 1.83053E-09 8.32059E-06
0.22e-6 0.36e-6 0.4 2.08755E-09 9.48884E-06
0.22e-6 0.36e-6 0.405 2.37959E-09 1.08163E-05
0.22e-6 0.36e-6 0.41 2.71121E-09 1.23237E-05
0.22e-6 0.36e-6 0.415 3.08752E-09 1.40342E-05
0.22e-6 0.36e-6 0.42 3.51421E-09 1.59737E-05
0.22e-6 0.36e-6 0.425 3.99767E-09 1.81712E-05
0.22e-6 0.36e-6 0.43 4.54502E-09 2.06592E-05
0.22e-6 0.36e-6 0.435 5.16418E-09 2.34736E-05
0.22e-6 0.36e-6 0.44 5.86399E-09 2.66545E-05
0.22e-6 0.36e-6 0.445 6.65424E-09 3.02465E-05
0.22e-6 0.36e-6 0.45 7.5458E-09 3.42991E-05
0.22e-6 0.36e-6 0.455 8.55072E-09 3.88669E-05
0.22e-6 0.36e-6 0.46 9.68231E-09 4.40105E-05
0.22e-6 0.36e-6 0.465 1.09552E-08 4.97965E-05
0.22e-6 0.36e-6 0.47 1.23857E-08 5.62986E-05
0.22e-6 0.36e-6 0.475 1.39915E-08 6.35977E-05
0.22e-6 0.36e-6 0.48 1.57921E-08 7.17824E-05
0.22e-6 0.36e-6 0.485 1.78091E-08 8.09503E-05
0.22e-6 0.36e-6 0.49 2.00656E-08 9.12075E-05
0.22e-6 0.36e-6 0.495 2.25875E-08 0.00010267
0.22e-6 0.36e-6 0.5 2.54023E-08 0.000115465
0.22e-6 0.36e-6 0.505 2.85403E-08 0.000129729
0.22e-6 0.36e-6 0.51 3.20343E-08 0.00014561
0.22e-6 0.36e-6 0.515 3.59196E-08 0.000163271
0.22e-6 0.36e-6 0.52 4.02343E-08 0.000182883
0.22e-6 0.36e-6 0.525 4.50192E-08 0.000204633
0.22e-6 0.36e-6 0.53 5.03183E-08 0.00022872
0.22e-6 0.36e-6 0.535 5.61781E-08 0.000255355
0.22e-6 0.36e-6 0.54 6.26482E-08 0.000284765
0.22e-6 0.36e-6 0.545 6.97811E-08 0.000317187
0.22e-6 0.36e-6 0.55 7.76319E-08 0.000352872
0.22e-6 0.36e-6 0.555 8.62586E-08 0.000392084
0.22e-6 0.36e-6 0.56 9.57213E-08 0.000435097
0.22e-6 0.36e-6 0.565 1.06083E-07 0.000482194
0.22e-6 0.36e-6 0.57 1.17407E-07 0.000533669
0.22e-6 0.36e-6 0.575 1.29761E-07 0.000589822
0.22e-6 0.36e-6 0.58 1.43211E-07 0.000650959
0.22e-6 0.36e-6 0.585 1.57826E-07 0.00071739
0.22e-6 0.36e-6 0.59 1.73674E-07 0.000789428
0.22e-6 0.36e-6 0.595 1.90825E-07 0.000867384
0.22e-6 0.36e-6 0.6 2.09345E-07 0.000951569
0.22e-6 0.36e-6 0.605 2.29303E-07 0.00104229
0.22e-6 0.36e-6 0.61 2.50765E-07 0.00113984
0.22e-6 0.36e-6 0.615 2.73794E-07 0.00124452
0.22e-6 0.36e-6 0.62 2.98452E-07 0.0013566
0.22e-6 0.36e-6 0.625 3.24799E-07 0.00147636
0.22e-6 0.36e-6 0.63 3.52891E-07 0.00160405
0.22e-6 0.36e-6 0.635 3.82783E-07 0.00173992
0.22e-6 0.36e-6 0.64 4.14522E-07 0.00188419
0.22e-6 0.36e-6 0.645 4.48157E-07 0.00203708
0.22e-6 0.36e-6 0.65 4.8373E-07 0.00219877
0.22e-6 0.36e-6 0.655 5.2128E-07 0.00236946
0.22e-6 0.36e-6 0.66 5.60842E-07 0.00254928
0.22e-6 0.36e-6 0.665 6.02448E-07 0.0027384
0.22e-6 0.36e-6 0.67 6.46124E-07 0.00293693
0.22e-6 0.36e-6 0.675 6.91895E-07 0.00314498
0.22e-6 0.36e-6 0.68 7.39781E-07 0.00336264
0.22e-6 0.36e-6 0.685 7.89798E-07 0.00358999
0.22e-6 0.36e-6 0.69 8.4196E-07 0.00382709
0.22e-6 0.36e-6 0.695 8.96276E-07 0.00407398
0.22e-6 0.36e-6 0.7 9.52753E-07 0.00433069
0.22e-6 0.36e-6 0.705 1.01139E-06 0.00459725
0.22e-6 0.36e-6 0.71 1.0722E-06 0.00487365
0.22e-6 0.36e-6 0.715 1.13517E-06 0.00515989
0.22e-6 0.36e-6 0.72 1.20031E-06 0.00545594
0.22e-6 0.36e-6 0.725 1.26759E-06 0.00576179
0.22e-6 0.36e-6 0.73 1.33703E-06 0.0060774
0.22e-6 0.36e-6 0.735 1.4086E-06 0.00640271
0.22e-6 0.36e-6 0.74 1.48229E-06 0.00673768
0.22e-6 0.36e-6 0.745 1.55809E-06 0.00708224
0.22e-6 0.36e-6 0.75 1.63599E-06 0.00743633
0.22e-6 0.36e-6 0.755 1.71597E-06 0.00779986
0.22e-6 0.36e-6 0.76 1.79801E-06 0.00817278
0.22e-6 0.36e-6 0.765 1.8821E-06 0.00855498
0.22e-6 0.36e-6 0.77 1.9682E-06 0.00894639
0.22e-6 0.36e-6 0.775 2.05632E-06 0.00934691
0.22e-6 0.36e-6 0.78 2.14642E-06 0.00975645
0.22e-6 0.36e-6 0.785 2.23848E-06 0.0101749
0.22e-6 0.36e-6 0.79 2.33248E-06 0.0106022
0.22e-6 0.36e-6 0.795 2.42841E-06 0.0110382
0.22e-6 0.36e-6 0.8 2.52623E-06 0.0114829
0.22e-6 0.36e-6 0.805 2.62592E-06 0.011936
0.22e-6 0.36e-6 0.81 2.72747E-06 0.0123976
0.22e-6 0.36e-6 0.815 2.83085E-06 0.0128675
0.22e-6 0.36e-6 0.82 2.93603E-06 0.0133456
0.22e-6 0.36e-6 0.825 3.043E-06 0.0138318
0.22e-6 0.36e-6 0.83 3.15173E-06 0.014326
0.22e-6 0.36e-6 0.835 3.26219E-06 0.0148281
0.22e-6 0.36e-6 0.84 3.37437E-06 0.0153381
0.22e-6 0.36e-6 0.845 3.48825E-06 0.0158557
0.22e-6 0.36e-6 0.85 3.6038E-06 0.0163809
0.22e-6 0.36e-6 0.855 3.72099E-06 0.0169136
0.22e-6 0.36e-6 0.86 3.83981E-06 0.0174537
0.22e-6 0.36e-6 0.865 3.96024E-06 0.0180011
0.22e-6 0.36e-6 0.87 4.08225E-06 0.0185557
0.22e-6 0.36e-6 0.875 4.20582E-06 0.0191174
0.22e-6 0.36e-6 0.88 4.33093E-06 0.0196861
0.22e-6 0.36e-6 0.885 4.45757E-06 0.0202617
0.22e-6 0.36e-6 0.89 4.5857E-06 0.0208441
0.22e-6 0.36e-6 0.895 4.71532E-06 0.0214333
0.22e-6 0.36e-6 0.9 4.84639E-06 0.0220291
0.22e-6 0.36e-6 0.905 4.97891E-06 0.0226314
0.22e-6 0.36e-6 0.91 5.11285E-06 0.0232402
0.22e-6 0.36e-6 0.915 5.24819E-06 0.0238554
0.22e-6 0.36e-6 0.92 5.38491E-06 0.0244769
0.22e-6 0.36e-6 0.925 5.523E-06 0.0251045
0.22e-6 0.36e-6 0.93 5.66244E-06 0.0257384
0.22e-6 0.36e-6 0.935 5.80321E-06 0.0263782
0.22e-6 0.36e-6 0.94 5.94529E-06 0.027024
0.22e-6 0.36e-6 0.945 6.08866E-06 0.0276757
0.22e-6 0.36e-6 0.95 6.23331E-06 0.0283332
0.22e-6 0.36e-6 0.955 6.37923E-06 0.0289965
0.22e-6 0.36e-6 0.96 6.52638E-06 0.0296654
0.22e-6 0.36e-6 0.965 6.67477E-06 0.0303399
0.22e-6 0.36e-6 0.97 6.82437E-06 0.0310199
0.22e-6 0.36e-6 0.975 6.97517E-06 0.0317053
0.22e-6 0.36e-6 0.98 7.12715E-06 0.0323961
0.22e-6 0.36e-6 0.985 7.2803E-06 0.0330923
0.22e-6 0.36e-6 0.99 7.43459E-06 0.0337936
0.22e-6 0.36e-6 0.995 7.59003E-06 0.0345001
0.22e-6 0.36e-6 1 7.74659E-06 0.0352118
0.22e-6 0.36e-6 1.005 7.90426E-06 0.0359284
0.22e-6 0.36e-6 1.01 8.06302E-06 0.0366501
0.22e-6 0.36e-6 1.015 8.22286E-06 0.0373766
0.22e-6 0.36e-6 1.02 8.38377E-06 0.0381081
0.22e-6 0.36e-6 1.025 8.54574E-06 0.0388443
0.22e-6 0.36e-6 1.03 8.70874E-06 0.0395852
0.22e-6 0.36e-6 1.035 8.87278E-06 0.0403308
0.22e-6 0.36e-6 1.04 9.03783E-06 0.041081
0.22e-6 0.36e-6 1.045 9.20388E-06 0.0418358
0.22e-6 0.36e-6 1.05 9.37093E-06 0.0425951
0.22e-6 0.36e-6 1.055 9.53895E-06 0.0433589
0.22e-6 0.36e-6 1.06 9.70794E-06 0.044127
0.22e-6 0.36e-6 1.065 9.87789E-06 0.0448995
0.22e-6 0.36e-6 1.07 1.00488E-05 0.0456763
0.22e-6 0.36e-6 1.075 1.02206E-05 0.0464573
0.22e-6 0.36e-6 1.08 1.03933E-05 0.0472425
0.22e-6 0.36e-6 1.085 1.0567E-05 0.0480318
0.22e-6 0.36e-6 1.09 1.07416E-05 0.0488253
0.22e-6 0.36e-6 1.095 1.0917E-05 0.0496227
0.22e-6 0.36e-6 1.1 1.10933E-05 0.0504242
0.22e-6 0.36e-6 1.105 1.12705E-05 0.0512296
0.22e-6 0.36e-6 1.11 1.14486E-05 0.0520389
0.22e-6 0.36e-6 1.115 1.16275E-05 0.0528521
0.22e-6 0.36e-6 1.12 1.18072E-05 0.0536691
0.22e-6 0.36e-6 1.125 1.19878E-05 0.0544898
0.22e-6 0.36e-6 1.13 1.21691E-05 0.0553143
0.22e-6 0.36e-6 1.135 1.23513E-05 0.0561424
0.22e-6 0.36e-6 1.14 1.25343E-05 0.0569742
0.22e-6 0.36e-6 1.145 1.27181E-05 0.0578096
0.22e-6 0.36e-6 1.15 1.29027E-05 0.0586485
0.22e-6 0.36e-6 1.155 1.3088E-05 0.0594909
0.22e-6 0.36e-6 1.16 1.32741E-05 0.0603369
0.22e-6 0.36e-6 1.165 1.3461E-05 0.0611862
0.22e-6 0.36e-6 1.17 1.36486E-05 0.0620389
0.22e-6 0.36e-6 1.175 1.38369E-05 0.062895
0.22e-6 0.36e-6 1.18 1.4026E-05 0.0637545
0.22e-6 0.36e-6 1.185 1.42158E-05 0.0646172
0.22e-6 0.36e-6 1.19 1.44063E-05 0.0654831
0.22e-6 0.36e-6 1.195 1.45975E-05 0.0663523
0.22e-6 0.36e-6 1.2 1.47894E-05 0.0672246
0.22e-6 0.50e-6 0.35 1.68806E-10 7.67298E-07
0.22e-6 0.50e-6 0.355 1.9309E-10 8.77682E-07
0.22e-6 0.50e-6 0.36 2.20862E-10 1.00392E-06
0.22e-6 0.50e-6 0.365 2.52613E-10 1.14824E-06
0.22e-6 0.50e-6 0.37 2.88902E-10 1.31319E-06
0.22e-6 0.50e-6 0.375 3.30364E-10 1.50166E-06
0.22e-6 0.50e-6 0.38 3.77719E-10 1.71691E-06
0.22e-6 0.50e-6 0.385 4.31785E-10 1.96266E-06
0.22e-6 0.50e-6 0.39 4.93488E-10 2.24313E-06
0.22e-6 0.50e-6 0.395 5.63878E-10 2.56308E-06
0.22e-6 0.50e-6 0.4 6.44141E-10 2.92792E-06
0.22e-6 0.50e-6 0.405 7.35622E-10 3.34374E-06
0.22e-6 0.50e-6 0.41 8.39836E-10 3.81743E-06
0.22e-6 0.50e-6 0.415 9.58494E-10 4.35679E-06
0.22e-6 0.50e-6 0.42 1.09353E-09 4.97057E-06
0.22e-6 0.50e-6 0.425 1.2471E-09 5.66866E-06
0.22e-6 0.50e-6 0.43 1.42167E-09 6.46215E-06
0.22e-6 0.50e-6 0.435 1.61998E-09 7.36353E-06
0.22e-6 0.50e-6 0.44 1.8451E-09 8.38681E-06
0.22e-6 0.50e-6 0.445 2.10049E-09 9.54769E-06
0.22e-6 0.50e-6 0.45 2.39002E-09 1.08637E-05
0.22e-6 0.50e-6 0.455 2.71802E-09 1.23546E-05
0.22e-6 0.50e-6 0.46 3.08932E-09 1.40424E-05
0.22e-6 0.50e-6 0.465 3.5093E-09 1.59513E-05
0.22e-6 0.50e-6 0.47 3.98396E-09 1.81089E-05
0.22e-6 0.50e-6 0.475 4.51999E-09 2.05454E-05
0.22e-6 0.50e-6 0.48 5.12481E-09 2.32946E-05
0.22e-6 0.50e-6 0.485 5.80664E-09 2.63938E-05
0.22e-6 0.50e-6 0.49 6.57461E-09 2.98846E-05
0.22e-6 0.50e-6 0.495 7.43881E-09 3.38128E-05
0.22e-6 0.50e-6 0.5 8.41038E-09 3.8229E-05
0.22e-6 0.50e-6 0.505 9.50163E-09 4.31892E-05
0.22e-6 0.50e-6 0.51 1.07261E-08 4.87549E-05
0.22e-6 0.50e-6 0.515 1.20987E-08 5.49939E-05
0.22e-6 0.50e-6 0.52 1.36357E-08 6.19803E-05
0.22e-6 0.50e-6 0.525 1.5355E-08 6.97956E-05
0.22e-6 0.50e-6 0.53 1.72763E-08 7.85287E-05
0.22e-6 0.50e-6 0.535 1.94208E-08 8.82765E-05
0.22e-6 0.50e-6 0.54 2.18118E-08 9.91446E-05
0.22e-6 0.50e-6 0.545 2.44744E-08 0.000111247
0.22e-6 0.50e-6 0.55 2.74359E-08 0.000124709
0.22e-6 0.50e-6 0.555 3.07256E-08 0.000139662
0.22e-6 0.50e-6 0.56 3.4375E-08 0.00015625
0.22e-6 0.50e-6 0.565 3.84179E-08 0.000174627
0.22e-6 0.50e-6 0.57 4.28903E-08 0.000194956
0.22e-6 0.50e-6 0.575 4.78302E-08 0.00021741
0.22e-6 0.50e-6 0.58 5.32779E-08 0.000242172
0.22e-6 0.50e-6 0.585 5.92758E-08 0.000269435
0.22e-6 0.50e-6 0.59 6.58679E-08 0.0002994
0.22e-6 0.50e-6 0.595 7.31002E-08 0.000332274
0.22e-6 0.50e-6 0.6 8.10201E-08 0.000368273
0.22e-6 0.50e-6 0.605 8.96763E-08 0.000407619
0.22e-6 0.50e-6 0.61 9.91183E-08 0.000450538
0.22e-6 0.50e-6 0.615 1.09397E-07 0.000497257
0.22e-6 0.50e-6 0.62 1.20562E-07 0.000548008
0.22e-6 0.50e-6 0.625 1.32665E-07 0.000603021
0.22e-6 0.50e-6 0.63 1.45755E-07 0.000662524
0.22e-6 0.50e-6 0.635 1.59884E-07 0.000726745
0.22e-6 0.50e-6 0.64 1.75099E-07 0.000795904
0.22e-6 0.50e-6 0.645 1.91448E-07 0.000870218
0.22e-6 0.50e-6 0.65 2.08977E-07 0.000949895
0.22e-6 0.50e-6 0.655 2.2773E-07 0.00103513
0.22e-6 0.50e-6 0.66 2.47748E-07 0.00112613
0.22e-6 0.50e-6 0.665 2.69072E-07 0.00122306
0.22e-6 0.50e-6 0.67 2.91739E-07 0.00132609
0.22e-6 0.50e-6 0.675 3.15783E-07 0.00143538
0.22e-6 0.50e-6 0.68 3.41236E-07 0.00155107
0.22e-6 0.50e-6 0.685 3.68129E-07 0.00167331
0.22e-6 0.50e-6 0.69 3.96486E-07 0.00180221
0.22e-6 0.50e-6 0.695 4.26332E-07 0.00193787
0.22e-6 0.50e-6 0.7 4.57689E-07 0.0020804
0.22e-6 0.50e-6 0.705 4.90574E-07 0.00222988
0.22e-6 0.50e-6 0.71 5.25005E-07 0.00238638
0.22e-6 0.50e-6 0.715 5.60993E-07 0.00254997
0.22e-6 0.50e-6 0.72 5.9855E-07 0.00272068
0.22e-6 0.50e-6 0.725 6.37685E-07 0.00289857
0.22e-6 0.50e-6 0.73 6.78405E-07 0.00308366
0.22e-6 0.50e-6 0.735 7.20715E-07 0.00327598
0.22e-6 0.50e-6 0.74 7.64616E-07 0.00347553
0.22e-6 0.50e-6 0.745 8.1011E-07 0.00368232
0.22e-6 0.50e-6 0.75 8.57196E-07 0.00389634
0.22e-6 0.50e-6 0.755 9.05872E-07 0.0041176
0.22e-6 0.50e-6 0.76 9.56135E-07 0.00434607
0.22e-6 0.50e-6 0.765 1.00798E-06 0.00458172
0.22e-6 0.50e-6 0.77 1.0614E-06 0.00482454
0.22e-6 0.50e-6 0.775 1.11639E-06 0.00507448
0.22e-6 0.50e-6 0.78 1.17293E-06 0.00533152
0.22e-6 0.50e-6 0.785 1.23103E-06 0.0055956
0.22e-6 0.50e-6 0.79 1.29067E-06 0.0058667
0.22e-6 0.50e-6 0.795 1.35185E-06 0.00614476
0.22e-6 0.50e-6 0.8 1.41454E-06 0.00642972
0.22e-6 0.50e-6 0.805 1.47874E-06 0.00672155
0.22e-6 0.50e-6 0.81 1.54444E-06 0.00702018
0.22e-6 0.50e-6 0.815 1.61162E-06 0.00732556
0.22e-6 0.50e-6 0.82 1.68028E-06 0.00763763
0.22e-6 0.50e-6 0.825 1.75039E-06 0.00795633
0.22e-6 0.50e-6 0.83 1.82195E-06 0.00828161
0.22e-6 0.50e-6 0.835 1.89495E-06 0.0086134
0.22e-6 0.50e-6 0.84 1.96936E-06 0.00895164
0.22e-6 0.50e-6 0.845 2.04518E-06 0.00929628
0.22e-6 0.50e-6 0.85 2.12239E-06 0.00964724
0.22e-6 0.50e-6 0.855 2.20098E-06 0.0100045
0.22e-6 0.50e-6 0.86 2.28094E-06 0.0103679
0.22e-6 0.50e-6 0.865 2.36224E-06 0.0107375
0.22e-6 0.50e-6 0.87 2.44489E-06 0.0111131
0.22e-6 0.50e-6 0.875 2.52886E-06 0.0114948
0.22e-6 0.50e-6 0.88 2.61414E-06 0.0118824
0.22e-6 0.50e-6 0.885 2.70072E-06 0.012276
0.22e-6 0.50e-6 0.89 2.78858E-06 0.0126753
0.22e-6 0.50e-6 0.895 2.87771E-06 0.0130805
0.22e-6 0.50e-6 0.9 2.9681E-06 0.0134914
0.22e-6 0.50e-6 0.905 3.05973E-06 0.0139079
0.22e-6 0.50e-6 0.91 3.1526E-06 0.01433
0.22e-6 0.50e-6 0.915 3.24669E-06 0.0147577
0.22e-6 0.50e-6 0.92 3.34198E-06 0.0151908
0.22e-6 0.50e-6 0.925 3.43847E-06 0.0156294
0.22e-6 0.50e-6 0.93 3.53614E-06 0.0160733
0.22e-6 0.50e-6 0.935 3.63497E-06 0.0165226
0.22e-6 0.50e-6 0.94 3.73497E-06 0.0169771
0.22e-6 0.50e-6 0.945 3.83611E-06 0.0174369
0.22e-6 0.50e-6 0.95 3.93839E-06 0.0179018
0.22e-6 0.50e-6 0.955 4.04179E-06 0.0183718
0.22e-6 0.50e-6 0.96 4.1463E-06 0.0188468
0.22e-6 0.50e-6 0.965 4.25191E-06 0.0193269
0.22e-6 0.50e-6 0.97 4.35861E-06 0.0198119
0.22e-6 0.50e-6 0.975 4.46638E-06 0.0203017
0.22e-6 0.50e-6 0.98 4.57523E-06 0.0207965
0.22e-6 0.50e-6 0.985 4.68513E-06 0.021296
0.22e-6 0.50e-6 0.99 4.79607E-06 0.0218003
0.22e-6 0.50e-6 0.995 4.90805E-06 0.0223093
0.22e-6 0.50e-6 1 5.02106E-06 0.022823
0.22e-6 0.50e-6 1.005 5.13508E-06 0.0233413
0.22e-6 0.50e-6 1.01 5.2501E-06 0.0238641
0.22e-6 0.50e-6 1.015 5.36612E-06 0.0243914
0.22e-6 0.50e-6 1.02 5.48312E-06 0.0249233
0.22e-6 0.50e-6 1.025 5.6011E-06 0.0254595
0.22e-6 0.50e-6 1.03 5.72004E-06 0.0260002
0.22e-6 0.50e-6 1.035 5.83995E-06 0.0265452
0.22e-6 0.50e-6 1.04 5.96079E-06 0.0270945
0.22e-6 0.50e-6 1.045 6.08258E-06 0.0276481
0.22e-6 0.50e-6 1.05 6.20529E-06 0.0282059
0.22e-6 0.50e-6 1.055 6.32893E-06 0.0287678
0.22e-6 0.50e-6 1.06 6.45347E-06 0.029334
0.22e-6 0.50e-6 1.065 6.57892E-06 0.0299042
0.22e-6 0.50e-6 1.07 6.70526E-06 0.0304784
0.22e-6 0.50e-6 1.075 6.83248E-06 0.0310567
0.22e-6 0.50e-6 1.08 6.96058E-06 0.031639
0.22e-6 0.50e-6 1.085 7.08955E-06 0.0322252
0.22e-6 0.50e-6 1.09 7.21938E-06 0.0328154
0.22e-6 0.50e-6 1.095 7.35007E-06 0.0334094
0.22e-6 0.50e-6 1.1 7.48159E-06 0.0340072
0.22e-6 0.50e-6 1.105 7.61396E-06 0.0346089
0.22e-6 0.50e-6 1.11 7.74715E-06 0.0352143
0.22e-6 0.50e-6 1.115 7.88116E-06 0.0358234
0.22e-6 0.50e-6 1.12 8.01598E-06 0.0364363
0.22e-6 0.50e-6 1.125 8.15161E-06 0.0370528
0.22e-6 0.50e-6 1.13 8.28804E-06 0.0376729
0.22e-6 0.50e-6 1.135 8.42526E-06 0.0382966
0.22e-6 0.50e-6 1.14 8.56326E-06 0.0389239
0.22e-6 0.50e-6 1.145 8.70204E-06 0.0395547
0.22e-6 0.50e-6 1.15 8.84158E-06 0.040189
0.22e-6 0.50e-6 1.155 8.98189E-06 0.0408268
0.22e-6 0.50e-6 1.16 9.12296E-06 0.041468
0.22e-6 0.50e-6 1.165 9.26477E-06 0.0421126
0.22e-6 0.50e-6 1.17 9.40732E-06 0.0427606
0.22e-6 0.50e-6 1.175 9.55061E-06 0.0434119
0.22e-6 0.50e-6 1.18 9.69463E-06 0.0440665
0.22e-6 0.50e-6 1.185 9.83937E-06 0.0447244
0.22e-6 0.50e-6 1.19 9.98482E-06 0.0453855
0.22e-6 0.50e-6 1.195 1.0131E-05 0.0460499
0.22e-6 0.50e-6 1.2 1.02778E-05 0.0467175
1e-6 0.28e-6 0.35 2.90789E-09 2.90789E-06
1e-6 0.28e-6 0.355 3.32829E-09 3.32829E-06
1e-6 0.28e-6 0.36 3.80847E-09 3.80847E-06
1e-6 0.28e-6 0.365 4.3567E-09 4.3567E-06
1e-6 0.28e-6 0.37 4.98234E-09 4.98234E-06
1e-6 0.28e-6 0.375 5.69601E-09 5.69601E-06
1e-6 0.28e-6 0.38 6.50967E-09 6.50967E-06
1e-6 0.28e-6 0.385 7.43686E-09 7.43686E-06
1e-6 0.28e-6 0.39 8.49281E-09 8.49281E-06
1e-6 0.28e-6 0.395 9.69472E-09 9.69472E-06
1e-6 0.28e-6 0.4 1.10619E-08 1.10619E-05
1e-6 0.28e-6 0.405 1.2616E-08 1.2616E-05
1e-6 0.28e-6 0.41 1.43815E-08 1.43815E-05
1e-6 0.28e-6 0.415 1.63855E-08 1.63855E-05
1e-6 0.28e-6 0.42 1.86587E-08 1.86587E-05
1e-6 0.28e-6 0.425 2.1235E-08 2.1235E-05
1e-6 0.28e-6 0.43 2.41523E-08 2.41523E-05
1e-6 0.28e-6 0.435 2.7453E-08 2.7453E-05
1e-6 0.28e-6 0.44 3.1184E-08 3.1184E-05
1e-6 0.28e-6 0.445 3.53972E-08 3.53972E-05
1e-6 0.28e-6 0.45 4.01502E-08 4.01502E-05
1e-6 0.28e-6 0.455 4.55066E-08 4.55066E-05
1e-6 0.28e-6 0.46 5.15363E-08 5.15363E-05
1e-6 0.28e-6 0.465 5.83165E-08 5.83165E-05
1e-6 0.28e-6 0.47 6.59315E-08 6.59315E-05
1e-6 0.28e-6 0.475 7.4474E-08 7.4474E-05
1e-6 0.28e-6 0.48 8.40449E-08 8.40449E-05
1e-6 0.28e-6 0.485 9.47543E-08 9.47543E-05
1e-6 0.28e-6 0.49 1.06722E-07 0.000106722
1e-6 0.28e-6 0.495 1.20078E-07 0.000120078
1e-6 0.28e-6 0.5 1.34962E-07 0.000134962
1e-6 0.28e-6 0.505 1.51525E-07 0.000151525
1e-6 0.28e-6 0.51 1.69931E-07 0.000169931
1e-6 0.28e-6 0.515 1.90354E-07 0.000190354
1e-6 0.28e-6 0.52 2.12981E-07 0.000212981
1e-6 0.28e-6 0.525 2.3801E-07 0.00023801
1e-6 0.28e-6 0.53 2.65652E-07 0.000265652
1e-6 0.28e-6 0.535 2.96132E-07 0.000296132
1e-6 0.28e-6 0.54 3.29683E-07 0.000329683
1e-6 0.28e-6 0.545 3.66555E-07 0.000366555
1e-6 0.28e-6 0.55 4.07005E-07 0.000407005
1e-6 0.28e-6 0.555 4.51303E-07 0.000451303
1e-6 0.28e-6 0.56 4.99727E-07 0.000499727
1e-6 0.28e-6 0.565 5.52565E-07 0.000552565
1e-6 0.28e-6 0.57 6.10111E-07 0.000610111
1e-6 0.28e-6 0.575 6.72668E-07 0.000672668
1e-6 0.28e-6 0.58 7.4054E-07 0.00074054
1e-6 0.28e-6 0.585 8.14035E-07 0.000814035
1e-6 0.28e-6 0.59 8.93462E-07 0.000893462
1e-6 0.28e-6 0.595 9.79129E-07 0.000979129
1e-6 0.28e-6 0.6 1.07134E-06 0.00107134
1e-6 0.28e-6 0.605 1.1704E-06 0.0011704
1e-6 0.28e-6 0.61 1.2766E-06 0.0012766
1e-6 0.28e-6 0.615 1.39022E-06 0.00139022
1e-6 0.28e-6 0.62 1.51154E-06 0.00151154
1e-6 0.28e-6 0.625 1.64082E-06 0.00164082
1e-6 0.28e-6 0.63 1.77831E-06 0.00177831
1e-6 0.28e-6 0.635 1.92425E-06 0.00192425
1e-6 0.28e-6 0.64 2.07886E-06 0.00207886
1e-6 0.28e-6 0.645 2.24234E-06 0.00224234
1e-6 0.28e-6 0.65 2.41488E-06 0.00241488
1e-6 0.28e-6 0.655 2.59665E-06 0.00259665
1e-6 0.28e-6 0.66 2.7878E-06 0.0027878
1e-6 0.28e-6 0.665 2.98846E-06 0.00298846
1e-6 0.28e-6 0.67 3.19876E-06 0.00319876
1e-6 0.28e-6 0.675 3.41879E-06 0.00341879
1e-6 0.28e-6 0.68 3.64864E-06 0.00364864
1e-6 0.28e-6 0.685 3.88838E-06 0.00388838
1e-6 0.28e-6 0.69 4.13804E-06 0.00413804
1e-6 0.28e-6 0.695 4.39768E-06 0.00439768
1e-6 0.28e-6 0.7 4.66731E-06 0.00466731
1e-6 0.28e-6 0.705 4.94694E-06 0.00494694
1e-6 0.28e-6 0.71 5.23655E-06 0.00523655
1e-6 0.28e-6 0.715 5.53615E-06 0.00553615
1e-6 0.28e-6 0.72 5.84568E-06 0.00584568
1e-6 0.28e-6 0.725 6.16513E-06 0.00616513
1e-6 0.28e-6 0.73 6.49442E-06 0.00649442
1e-6 0.28e-6 0.735 6.83351E-06 0.00683351
1e-6 0.28e-6 0.74 7.18232E-06 0.00718232
1e-6 0.28e-6 0.745 7.54078E-06 0.00754078
1e-6 0.28e-6 0.75 7.90881E-06 0.00790881
1e-6 0.28e-6 0.755 8.28632E-06 0.00828632
1e-6 0.28e-6 0.76 8.67322E-06 0.00867322
1e-6 0.28e-6 0.765 9.0694E-06 0.0090694
1e-6 0.28e-6 0.77 9.47476E-06 0.00947476
1e-6 0.28e-6 0.775 9.8892E-06 0.0098892
1e-6 0.28e-6 0.78 1.03126E-05 0.0103126
1e-6 0.28e-6 0.785 1.07449E-05 0.0107449
1e-6 0.28e-6 0.79 1.11859E-05 0.0111859
1e-6 0.28e-6 0.795 1.16355E-05 0.0116355
1e-6 0.28e-6 0.8 1.20936E-05 0.0120936
1e-6 0.28e-6 0.805 1.25601E-05 0.0125601
1e-6 0.28e-6 0.81 1.30348E-05 0.0130348
1e-6 0.28e-6 0.815 1.35177E-05 0.0135177
1e-6 0.28e-6 0.82 1.40087E-05 0.0140087
1e-6 0.28e-6 0.825 1.45075E-05 0.0145075
1e-6 0.28e-6 0.83 1.50141E-05 0.0150141
1e-6 0.28e-6 0.835 1.55284E-05 0.0155284
1e-6 0.28e-6 0.84 1.60502E-05 0.0160502
1e-6 0.28e-6 0.845 1.65795E-05 0.0165795
1e-6 0.28e-6 0.85 1.71161E-05 0.0171161
1e-6 0.28e-6 0.855 1.76598E-05 0.0176598
1e-6 0.28e-6 0.86 1.82107E-05 0.0182107
1e-6 0.28e-6 0.865 1.87685E-05 0.0187685
1e-6 0.28e-6 0.87 1.93332E-05 0.0193332
1e-6 0.28e-6 0.875 1.99046E-05 0.0199046
1e-6 0.28e-6 0.88 2.04827E-05 0.0204827
1e-6 0.28e-6 0.885 2.10673E-05 0.0210673
1e-6 0.28e-6 0.89 2.16583E-05 0.0216583
1e-6 0.28e-6 0.895 2.22557E-05 0.0222557
1e-6 0.28e-6 0.9 2.28593E-05 0.0228593
1e-6 0.28e-6 0.905 2.3469E-05 0.023469
1e-6 0.28e-6 0.91 2.40848E-05 0.0240848
1e-6 0.28e-6 0.915 2.47065E-05 0.0247065
1e-6 0.28e-6 0.92 2.5334E-05 0.025334
1e-6 0.28e-6 0.925 2.59673E-05 0.0259673
1e-6 0.28e-6 0.93 2.66063E-05 0.0266063
1e-6 0.28e-6 0.935 2.72508E-05 0.0272508
1e-6 0.28e-6 0.94 2.79008E-05 0.0279008
1e-6 0.28e-6 0.945 2.85562E-05 0.0285562
1e-6 0.28e-6 0.95 2.92169E-05 0.0292169
1e-6 0.28e-6 0.955 2.98828E-05 0.0298828
1e-6 0.28e-6 0.96 3.05539E-05 0.0305539
1e-6 0.28e-6 0.965 3.12301E-05 0.0312301
1e-6 0.28e-6 0.97 3.19112E-05 0.0319112
1e-6 0.28e-6 0.975 3.25973E-05 0.0325973
1e-6 0.28e-6 0.98 3.32882E-05 0.0332882
1e-6 0.28e-6 0.985 3.39838E-05 0.0339838
1e-6 0.28e-6 0.99 3.46842E-05 0.0346842
1e-6 0.28e-6 0.995 3.53892E-05 0.0353892
1e-6 0.28e-6 1 3.60987E-05 0.0360987
1e-6 0.28e-6 1.005 3.68128E-05 0.0368128
1e-6 0.28e-6 1.01 3.75312E-05 0.0375312
1e-6 0.28e-6 1.015 3.8254E-05 0.038254
1e-6 0.28e-6 1.02 3.89811E-05 0.0389811
1e-6 0.28e-6 1.025 3.97124E-05 0.0397124
1e-6 0.28e-6 1.03 4.04479E-05 0.0404479
1e-6 0.28e-6 1.035 4.11874E-05 0.0411874
1e-6 0.28e-6 1.04 4.19311E-05 0.0419311
1e-6 0.28e-6 1.045 4.26787E-05 0.0426787
1e-6 0.28e-6 1.05 4.34302E-05 0.0434302
1e-6 0.28e-6 1.055 4.41856E-05 0.0441856
1e-6 0.28e-6 1.06 4.49448E-05 0.0449448
1e-6 0.28e-6 1.065 4.57078E-05 0.0457078
1e-6 0.28e-6 1.07 4.64745E-05 0.0464745
1e-6 0.28e-6 1.075 4.72448E-05 0.0472448
1e-6 0.28e-6 1.08 4.80188E-05 0.0480188
1e-6 0.28e-6 1.085 4.87963E-05 0.0487963
1e-6 0.28e-6 1.09 4.95773E-05 0.0495773
1e-6 0.28e-6 1.095 5.03617E-05 0.0503617
1e-6 0.28e-6 1.1 5.11496E-05 0.0511496
1e-6 0.28e-6 1.105 5.19408E-05 0.0519408
1e-6 0.28e-6 1.11 5.27353E-05 0.0527353
1e-6 0.28e-6 1.115 5.35331E-05 0.0535331
1e-6 0.28e-6 1.12 5.43342E-05 0.0543342
1e-6 0.28e-6 1.125 5.51384E-05 0.0551384
1e-6 0.28e-6 1.13 5.59457E-05 0.0559457
1e-6 0.28e-6 1.135 5.67561E-05 0.0567561
1e-6 0.28e-6 1.14 5.75696E-05 0.0575696
1e-6 0.28e-6 1.145 5.83861E-05 0.0583861
1e-6 0.28e-6 1.15 5.92056E-05 0.0592056
1e-6 0.28e-6 1.155 6.0028E-05 0.060028
1e-6 0.28e-6 1.16 6.08532E-05 0.0608532
1e-6 0.28e-6 1.165 6.16814E-05 0.0616814
1e-6 0.28e-6 1.17 6.25123E-05 0.0625123
1e-6 0.28e-6 1.175 6.33461E-05 0.0633461
1e-6 0.28e-6 1.18 6.41825E-05 0.0641825
1e-6 0.28e-6 1.185 6.50217E-05 0.0650217
1e-6 0.28e-6 1.19 6.58636E-05 0.0658636
1e-6 0.28e-6 1.195 6.67081E-05 0.0667081
1e-6 0.28e-6 1.2 6.75551E-05 0.0675551
1e-6 0.36e-6 0.35 4.46888E-10 4.46888E-07
1e-6 0.36e-6 0.355 5.12179E-10 5.12179E-07
1e-6 0.36e-6 0.36 5.86964E-10 5.86964E-07
1e-6 0.36e-6 0.365 6.72607E-10 6.72607E-07
1e-6 0.36e-6 0.37 7.70663E-10 7.70663E-07
1e-6 0.36e-6 0.375 8.82903E-10 8.82903E-07
1e-6 0.36e-6 0.38 1.01135E-09 1.01135E-06
1e-6 0.36e-6 0.385 1.15829E-09 1.15829E-06
1e-6 0.36e-6 0.39 1.32635E-09 1.32635E-06
1e-6 0.36e-6 0.395 1.51851E-09 1.51851E-06
1e-6 0.36e-6 0.4 1.73815E-09 1.73815E-06
1e-6 0.36e-6 0.405 1.98911E-09 1.98911E-06
1e-6 0.36e-6 0.41 2.27575E-09 2.27575E-06
1e-6 0.36e-6 0.415 2.60301E-09 2.60301E-06
1e-6 0.36e-6 0.42 2.97651E-09 2.97651E-06
1e-6 0.36e-6 0.425 3.40259E-09 3.40259E-06
1e-6 0.36e-6 0.43 3.88842E-09 3.88842E-06
1e-6 0.36e-6 0.435 4.44212E-09 4.44212E-06
1e-6 0.36e-6 0.44 5.07284E-09 5.07284E-06
1e-6 0.36e-6 0.445 5.7909E-09 5.7909E-06
1e-6 0.36e-6 0.45 6.60794E-09 6.60794E-06
1e-6 0.36e-6 0.455 7.53704E-09 7.53704E-06
1e-6 0.36e-6 0.46 8.59291E-09 8.59291E-06
1e-6 0.36e-6 0.465 9.79205E-09 9.79205E-06
1e-6 0.36e-6 0.47 1.1153E-08 1.1153E-05
1e-6 0.36e-6 0.475 1.26964E-08 1.26964E-05
1e-6 0.36e-6 0.48 1.44454E-08 1.44454E-05
1e-6 0.36e-6 0.485 1.64259E-08 1.64259E-05
1e-6 0.36e-6 0.49 1.86667E-08 1.86667E-05
1e-6 0.36e-6 0.495 2.11999E-08 2.11999E-05
1e-6 0.36e-6 0.5 2.4061E-08 2.4061E-05
1e-6 0.36e-6 0.505 2.72897E-08 2.72897E-05
1e-6 0.36e-6 0.51 3.09298E-08 3.09298E-05
1e-6 0.36e-6 0.515 3.50296E-08 3.50296E-05
1e-6 0.36e-6 0.52 3.96428E-08 3.96428E-05
1e-6 0.36e-6 0.525 4.48282E-08 4.48282E-05
1e-6 0.36e-6 0.53 5.06509E-08 5.06509E-05
1e-6 0.36e-6 0.535 5.71821E-08 5.71821E-05
1e-6 0.36e-6 0.54 6.44999E-08 6.44999E-05
1e-6 0.36e-6 0.545 7.269E-08 7.269E-05
1e-6 0.36e-6 0.55 8.18457E-08 8.18457E-05
1e-6 0.36e-6 0.555 9.20689E-08 9.20689E-05
1e-6 0.36e-6 0.56 1.0347E-07 0.00010347
1e-6 0.36e-6 0.565 1.16169E-07 0.000116169
1e-6 0.36e-6 0.57 1.30296E-07 0.000130296
1e-6 0.36e-6 0.575 1.45991E-07 0.000145991
1e-6 0.36e-6 0.58 1.63404E-07 0.000163404
1e-6 0.36e-6 0.585 1.82697E-07 0.000182697
1e-6 0.36e-6 0.59 2.0404E-07 0.00020404
1e-6 0.36e-6 0.595 2.27618E-07 0.000227618
1e-6 0.36e-6 0.6 2.53624E-07 0.000253624
1e-6 0.36e-6 0.605 2.82262E-07 0.000282262
1e-6 0.36e-6 0.61 3.13746E-07 0.000313746
1e-6 0.36e-6 0.615 3.483E-07 0.0003483
1e-6 0.36e-6 0.62 3.86156E-07 0.000386156
1e-6 0.36e-6 0.625 4.27554E-07 0.000427554
1e-6 0.36e-6 0.63 4.7274E-07 0.00047274
1e-6 0.36e-6 0.635 5.21964E-07 0.000521964
1e-6 0.36e-6 0.64 5.75482E-07 0.000575482
1e-6 0.36e-6 0.645 6.33551E-07 0.000633551
1e-6 0.36e-6 0.65 6.96426E-07 0.000696426
1e-6 0.36e-6 0.655 7.64365E-07 0.000764365
1e-6 0.36e-6 0.66 8.37619E-07 0.000837619
1e-6 0.36e-6 0.665 9.16436E-07 0.000916436
1e-6 0.36e-6 0.67 1.00106E-06 0.00100106
1e-6 0.36e-6 0.675 1.09172E-06 0.00109172
1e-6 0.36e-6 0.68 1.18864E-06 0.00118864
1e-6 0.36e-6 0.685 1.29204E-06 0.00129204
1e-6 0.36e-6 0.69 1.40211E-06 0.00140211
1e-6 0.36e-6 0.695 1.51906E-06 0.00151906
1e-6 0.36e-6 0.7 1.64304E-06 0.00164304
1e-6 0.36e-6 0.705 1.77424E-06 0.00177424
1e-6 0.36e-6 0.71 1.91279E-06 0.00191279
1e-6 0.36e-6 0.715 2.05883E-06 0.00205883
1e-6 0.36e-6 0.72 2.21249E-06 0.00221249
1e-6 0.36e-6 0.725 2.37385E-06 0.00237385
1e-6 0.36e-6 0.73 2.54303E-06 0.00254303
1e-6 0.36e-6 0.735 2.72009E-06 0.00272009
1e-6 0.36e-6 0.74 2.90511E-06 0.00290511
1e-6 0.36e-6 0.745 3.09813E-06 0.00309813
1e-6 0.36e-6 0.75 3.29919E-06 0.00329919
1e-6 0.36e-6 0.755 3.50832E-06 0.00350832
1e-6 0.36e-6 0.76 3.72554E-06 0.00372554
1e-6 0.36e-6 0.765 3.95086E-06 0.00395086
1e-6 0.36e-6 0.77 4.18427E-06 0.00418427
1e-6 0.36e-6 0.775 4.42576E-06 0.00442576
1e-6 0.36e-6 0.78 4.6753E-06 0.0046753
1e-6 0.36e-6 0.785 4.93288E-06 0.00493288
1e-6 0.36e-6 0.79 5.19846E-06 0.00519846
1e-6 0.36e-6 0.795 5.47199E-06 0.00547199
1e-6 0.36e-6 0.8 5.75343E-06 0.00575343
1e-6 0.36e-6 0.805 6.04272E-06 0.00604272
1e-6 0.36e-6 0.81 6.33981E-06 0.00633981
1e-6 0.36e-6 0.815 6.64463E-06 0.00664463
1e-6 0.36e-6 0.82 6.95712E-06 0.00695712
1e-6 0.36e-6 0.825 7.27721E-06 0.00727721
1e-6 0.36e-6 0.83 7.60483E-06 0.00760483
1e-6 0.36e-6 0.835 7.9399E-06 0.0079399
1e-6 0.36e-6 0.84 8.28235E-06 0.00828235
1e-6 0.36e-6 0.845 8.63209E-06 0.00863209
1e-6 0.36e-6 0.85 8.98906E-06 0.00898906
1e-6 0.36e-6 0.855 9.35316E-06 0.00935316
1e-6 0.36e-6 0.86 9.72432E-06 0.00972432
1e-6 0.36e-6 0.865 1.01025E-05 0.0101025
1e-6 0.36e-6 0.87 1.04875E-05 0.0104875
1e-6 0.36e-6 0.875 1.08793E-05 0.0108793
1e-6 0.36e-6 0.88 1.12779E-05 0.0112779
1e-6 0.36e-6 0.885 1.16831E-05 0.0116831
1e-6 0.36e-6 0.89 1.20948E-05 0.0120948
1e-6 0.36e-6 0.895 1.25131E-05 0.0125131
1e-6 0.36e-6 0.9 1.29377E-05 0.0129377
1e-6 0.36e-6 0.905 1.33686E-05 0.0133686
1e-6 0.36e-6 0.91 1.38058E-05 0.0138058
1e-6 0.36e-6 0.915 1.42491E-05 0.0142491
1e-6 0.36e-6 0.92 1.46985E-05 0.0146985
1e-6 0.36e-6 0.925 1.51539E-05 0.0151539
1e-6 0.36e-6 0.93 1.56152E-05 0.0156152
1e-6 0.36e-6 0.935 1.60823E-05 0.0160823
1e-6 0.36e-6 0.94 1.65552E-05 0.0165552
1e-6 0.36e-6 0.945 1.70338E-05 0.0170338
1e-6 0.36e-6 0.95 1.7518E-05 0.017518
1e-6 0.36e-6 0.955 1.80078E-05 0.0180078
1e-6 0.36e-6 0.96 1.8503E-05 0.018503
1e-6 0.36e-6 0.965 1.90036E-05 0.0190036
1e-6 0.36e-6 0.97 1.95095E-05 0.0195095
1e-6 0.36e-6 0.975 2.00207E-05 0.0200207
1e-6 0.36e-6 0.98 2.05371E-05 0.0205371
1e-6 0.36e-6 0.985 2.10587E-05 0.0210587
1e-6 0.36e-6 0.99 2.15853E-05 0.0215853
1e-6 0.36e-6 0.995 2.21168E-05 0.0221168
1e-6 0.36e-6 1 2.26533E-05 0.0226533
1e-6 0.36e-6 1.005 2.31947E-05 0.0231947
1e-6 0.36e-6 1.01 2.37409E-05 0.0237409
1e-6 0.36e-6 1.015 2.42918E-05 0.0242918
1e-6 0.36e-6 1.02 2.48475E-05 0.0248475
1e-6 0.36e-6 1.025 2.54077E-05 0.0254077
1e-6 0.36e-6 1.03 2.59725E-05 0.0259725
1e-6 0.36e-6 1.035 2.65419E-05 0.0265419
1e-6 0.36e-6 1.04 2.71157E-05 0.0271157
1e-6 0.36e-6 1.045 2.76939E-05 0.0276939
1e-6 0.36e-6 1.05 2.82764E-05 0.0282764
1e-6 0.36e-6 1.055 2.88632E-05 0.0288632
1e-6 0.36e-6 1.06 2.94543E-05 0.0294543
1e-6 0.36e-6 1.065 3.00496E-05 0.0300496
1e-6 0.36e-6 1.07 3.0649E-05 0.030649
1e-6 0.36e-6 1.075 3.12525E-05 0.0312525
1e-6 0.36e-6 1.08 3.186E-05 0.03186
1e-6 0.36e-6 1.085 3.24715E-05 0.0324715
1e-6 0.36e-6 1.09 3.3087E-05 0.033087
1e-6 0.36e-6 1.095 3.37064E-05 0.0337064
1e-6 0.36e-6 1.1 3.43296E-05 0.0343296
1e-6 0.36e-6 1.105 3.49566E-05 0.0349566
1e-6 0.36e-6 1.11 3.55873E-05 0.0355873
1e-6 0.36e-6 1.115 3.62218E-05 0.0362218
1e-6 0.36e-6 1.12 3.686E-05 0.03686
1e-6 0.36e-6 1.125 3.75017E-05 0.0375017
1e-6 0.36e-6 1.13 3.81471E-05 0.0381471
1e-6 0.36e-6 1.135 3.8796E-05 0.038796
1e-6 0.36e-6 1.14 3.94484E-05 0.0394484
1e-6 0.36e-6 1.145 4.01042E-05 0.0401042
1e-6 0.36e-6 1.15 4.07635E-05 0.0407635
1e-6 0.36e-6 1.155 4.14261E-05 0.0414261
1e-6 0.36e-6 1.16 4.20921E-05 0.0420921
1e-6 0.36e-6 1.165 4.27614E-05 0.0427614
1e-6 0.36e-6 1.17 4.3434E-05 0.043434
1e-6 0.36e-6 1.175 4.41098E-05 0.0441098
1e-6 0.36e-6 1.18 4.47887E-05 0.0447887
1e-6 0.36e-6 1.185 4.54709E-05 0.0454709
1e-6 0.36e-6 1.19 4.61561E-05 0.0461561
1e-6 0.36e-6 1.195 4.68444E-05 0.0468444
1e-6 0.36e-6 1.2 4.75358E-05 0.0475358
1e-6 0.50e-6 0.35 1.26595E-10 1.26595E-07
1e-6 0.50e-6 0.355 1.44974E-10 1.44974E-07
1e-6 0.50e-6 0.36 1.66043E-10 1.66043E-07
1e-6 0.50e-6 0.365 1.90193E-10 1.90193E-07
1e-6 0.50e-6 0.37 2.1787E-10 2.1787E-07
1e-6 0.50e-6 0.375 2.49584E-10 2.49584E-07
1e-6 0.50e-6 0.38 2.85919E-10 2.85919E-07
1e-6 0.50e-6 0.385 3.2754E-10 3.2754E-07
1e-6 0.50e-6 0.39 3.75205E-10 3.75205E-07
1e-6 0.50e-6 0.395 4.29782E-10 4.29782E-07
1e-6 0.50e-6 0.4 4.92259E-10 4.92259E-07
1e-6 0.50e-6 0.405 5.63762E-10 5.63762E-07
1e-6 0.50e-6 0.41 6.45576E-10 6.45576E-07
1e-6 0.50e-6 0.415 7.39162E-10 7.39162E-07
1e-6 0.50e-6 0.42 8.46184E-10 8.46184E-07
1e-6 0.50e-6 0.425 9.68534E-10 9.68534E-07
1e-6 0.50e-6 0.43 1.10836E-09 1.10836E-06
1e-6 0.50e-6 0.435 1.26812E-09 1.26812E-06
1e-6 0.50e-6 0.44 1.45057E-09 1.45057E-06
1e-6 0.50e-6 0.445 1.65886E-09 1.65886E-06
1e-6 0.50e-6 0.45 1.89657E-09 1.89657E-06
1e-6 0.50e-6 0.455 2.16772E-09 2.16772E-06
1e-6 0.50e-6 0.46 2.47689E-09 2.47689E-06
1e-6 0.50e-6 0.465 2.82925E-09 2.82925E-06
1e-6 0.50e-6 0.47 3.23063E-09 3.23063E-06
1e-6 0.50e-6 0.475 3.68761E-09 3.68761E-06
1e-6 0.50e-6 0.48 4.20763E-09 4.20763E-06
1e-6 0.50e-6 0.485 4.79902E-09 4.79902E-06
1e-6 0.50e-6 0.49 5.47121E-09 5.47121E-06
1e-6 0.50e-6 0.495 6.23474E-09 6.23474E-06
1e-6 0.50e-6 0.5 7.10148E-09 7.10148E-06
1e-6 0.50e-6 0.505 8.08471E-09 8.08471E-06
1e-6 0.50e-6 0.51 9.19932E-09 9.19932E-06
1e-6 0.50e-6 0.515 1.04619E-08 1.04619E-05
1e-6 0.50e-6 0.52 1.18912E-08 1.18912E-05
1e-6 0.50e-6 0.525 1.35077E-08 1.35077E-05
1e-6 0.50e-6 0.53 1.53347E-08 1.53347E-05
1e-6 0.50e-6 0.535 1.73978E-08 1.73978E-05
1e-6 0.50e-6 0.54 1.97256E-08 1.97256E-05
1e-6 0.50e-6 0.545 2.23497E-08 2.23497E-05
1e-6 0.50e-6 0.55 2.53054E-08 2.53054E-05
1e-6 0.50e-6 0.555 2.86314E-08 2.86314E-05
1e-6 0.50e-6 0.56 3.23706E-08 3.23706E-05
1e-6 0.50e-6 0.565 3.65706E-08 3.65706E-05
1e-6 0.50e-6 0.57 4.12834E-08 4.12834E-05
1e-6 0.50e-6 0.575 4.65664E-08 4.65664E-05
1e-6 0.50e-6 0.58 5.24827E-08 5.24827E-05
1e-6 0.50e-6 0.585 5.91013E-08 5.91013E-05
1e-6 0.50e-6 0.59 6.64976E-08 6.64976E-05
1e-6 0.50e-6 0.595 7.4754E-08 7.4754E-05
1e-6 0.50e-6 0.6 8.39601E-08 8.39601E-05
1e-6 0.50e-6 0.605 9.42129E-08 9.42129E-05
1e-6 0.50e-6 0.61 1.05618E-07 0.000105618
1e-6 0.50e-6 0.615 1.18288E-07 0.000118288
1e-6 0.50e-6 0.62 1.32344E-07 0.000132344
1e-6 0.50e-6 0.625 1.47918E-07 0.000147918
1e-6 0.50e-6 0.63 1.65148E-07 0.000165148
1e-6 0.50e-6 0.635 1.8418E-07 0.00018418
1e-6 0.50e-6 0.64 2.05171E-07 0.000205171
1e-6 0.50e-6 0.645 2.28282E-07 0.000228282
1e-6 0.50e-6 0.65 2.53685E-07 0.000253685
1e-6 0.50e-6 0.655 2.81555E-07 0.000281555
1e-6 0.50e-6 0.66 3.12075E-07 0.000312075
1e-6 0.50e-6 0.665 3.45432E-07 0.000345432
1e-6 0.50e-6 0.67 3.81816E-07 0.000381816
1e-6 0.50e-6 0.675 4.2142E-07 0.00042142
1e-6 0.50e-6 0.68 4.64438E-07 0.000464438
1e-6 0.50e-6 0.685 5.11064E-07 0.000511064
1e-6 0.50e-6 0.69 5.6149E-07 0.00056149
1e-6 0.50e-6 0.695 6.15906E-07 0.000615906
1e-6 0.50e-6 0.7 6.74497E-07 0.000674497
1e-6 0.50e-6 0.705 7.37442E-07 0.000737442
1e-6 0.50e-6 0.71 8.04917E-07 0.000804917
1e-6 0.50e-6 0.715 8.77086E-07 0.000877086
1e-6 0.50e-6 0.72 9.54107E-07 0.000954107
1e-6 0.50e-6 0.725 1.03613E-06 0.00103613
1e-6 0.50e-6 0.73 1.1233E-06 0.0011233
1e-6 0.50e-6 0.735 1.21573E-06 0.00121573
1e-6 0.50e-6 0.74 1.31356E-06 0.00131356
1e-6 0.50e-6 0.745 1.41688E-06 0.00141688
1e-6 0.50e-6 0.75 1.5258E-06 0.0015258
1e-6 0.50e-6 0.755 1.6404E-06 0.0016404
1e-6 0.50e-6 0.76 1.76077E-06 0.00176077
1e-6 0.50e-6 0.765 1.88696E-06 0.00188696
1e-6 0.50e-6 0.77 2.01904E-06 0.00201904
1e-6 0.50e-6 0.775 2.15705E-06 0.00215705
1e-6 0.50e-6 0.78 2.30103E-06 0.00230103
1e-6 0.50e-6 0.785 2.45101E-06 0.00245101
1e-6 0.50e-6 0.79 2.60702E-06 0.00260702
1e-6 0.50e-6 0.795 2.76907E-06 0.00276907
1e-6 0.50e-6 0.8 2.93717E-06 0.00293717
1e-6 0.50e-6 0.805 3.11131E-06 0.00311131
1e-6 0.50e-6 0.81 3.2915E-06 0.0032915
1e-6 0.50e-6 0.815 3.47772E-06 0.00347772
1e-6 0.50e-6 0.82 3.66996E-06 0.00366996
1e-6 0.50e-6 0.825 3.86819E-06 0.00386819
1e-6 0.50e-6 0.83 4.07239E-06 0.00407239
1e-6 0.50e-6 0.835 4.28255E-06 0.00428255
1e-6 0.50e-6 0.84 4.49861E-06 0.00449861
1e-6 0.50e-6 0.845 4.72055E-06 0.00472055
1e-6 0.50e-6 0.85 4.94833E-06 0.00494833
1e-6 0.50e-6 0.855 5.18191E-06 0.00518191
1e-6 0.50e-6 0.86 5.42126E-06 0.00542126
1e-6 0.50e-6 0.865 5.66632E-06 0.00566632
1e-6 0.50e-6 0.87 5.91705E-06 0.00591705
1e-6 0.50e-6 0.875 6.1734E-06 0.0061734
1e-6 0.50e-6 0.88 6.43533E-06 0.00643533
1e-6 0.50e-6 0.885 6.70279E-06 0.00670279
1e-6 0.50e-6 0.89 6.97573E-06 0.00697573
1e-6 0.50e-6 0.895 7.2541E-06 0.0072541
1e-6 0.50e-6 0.9 7.53785E-06 0.00753785
1e-6 0.50e-6 0.905 7.82693E-06 0.00782693
1e-6 0.50e-6 0.91 8.12129E-06 0.00812129
1e-6 0.50e-6 0.915 8.42087E-06 0.00842087
1e-6 0.50e-6 0.92 8.72564E-06 0.00872564
1e-6 0.50e-6 0.925 9.03553E-06 0.00903553
1e-6 0.50e-6 0.93 9.3505E-06 0.0093505
1e-6 0.50e-6 0.935 9.6705E-06 0.0096705
1e-6 0.50e-6 0.94 9.99547E-06 0.00999547
1e-6 0.50e-6 0.945 1.03254E-05 0.0103254
1e-6 0.50e-6 0.95 1.06601E-05 0.0106601
1e-6 0.50e-6 0.955 1.09998E-05 0.0109998
1e-6 0.50e-6 0.96 1.13441E-05 0.0113441
1e-6 0.50e-6 0.965 1.16933E-05 0.0116933
1e-6 0.50e-6 0.97 1.20471E-05 0.0120471
1e-6 0.50e-6 0.975 1.24055E-05 0.0124055
1e-6 0.50e-6 0.98 1.27686E-05 0.0127686
1e-6 0.50e-6 0.985 1.31361E-05 0.0131361
1e-6 0.50e-6 0.99 1.35082E-05 0.0135082
1e-6 0.50e-6 0.995 1.38848E-05 0.0138848
1e-6 0.50e-6 1 1.42657E-05 0.0142657
1e-6 0.50e-6 1.005 1.46511E-05 0.0146511
1e-6 0.50e-6 1.01 1.50407E-05 0.0150407
1e-6 0.50e-6 1.015 1.54346E-05 0.0154346
1e-6 0.50e-6 1.02 1.58328E-05 0.0158328
1e-6 0.50e-6 1.025 1.62352E-05 0.0162352
1e-6 0.50e-6 1.03 1.66417E-05 0.0166417
1e-6 0.50e-6 1.035 1.70523E-05 0.0170523
1e-6 0.50e-6 1.04 1.7467E-05 0.017467
1e-6 0.50e-6 1.045 1.78858E-05 0.0178858
1e-6 0.50e-6 1.05 1.83085E-05 0.0183085
1e-6 0.50e-6 1.055 1.87352E-05 0.0187352
1e-6 0.50e-6 1.06 1.91658E-05 0.0191658
1e-6 0.50e-6 1.065 1.96003E-05 0.0196003
1e-6 0.50e-6 1.07 2.00387E-05 0.0200387
1e-6 0.50e-6 1.075 2.04808E-05 0.0204808
1e-6 0.50e-6 1.08 2.09267E-05 0.0209267
1e-6 0.50e-6 1.085 2.13764E-05 0.0213764
1e-6 0.50e-6 1.09 2.18297E-05 0.0218297
1e-6 0.50e-6 1.095 2.22867E-05 0.0222867
1e-6 0.50e-6 1.1 2.27474E-05 0.0227474
1e-6 0.50e-6 1.105 2.32116E-05 0.0232116
1e-6 0.50e-6 1.11 2.36794E-05 0.0236794
1e-6 0.50e-6 1.115 2.41507E-05 0.0241507
1e-6 0.50e-6 1.12 2.46255E-05 0.0246255
1e-6 0.50e-6 1.125 2.51038E-05 0.0251038
1e-6 0.50e-6 1.13 2.55855E-05 0.0255855
1e-6 0.50e-6 1.135 2.60705E-05 0.0260705
1e-6 0.50e-6 1.14 2.6559E-05 0.026559
1e-6 0.50e-6 1.145 2.70508E-05 0.0270508
1e-6 0.50e-6 1.15 2.75459E-05 0.0275459
1e-6 0.50e-6 1.155 2.80442E-05 0.0280442
1e-6 0.50e-6 1.16 2.85458E-05 0.0285458
1e-6 0.50e-6 1.165 2.90506E-05 0.0290506
1e-6 0.50e-6 1.17 2.95586E-05 0.0295586
1e-6 0.50e-6 1.175 3.00697E-05 0.0300697
1e-6 0.50e-6 1.18 3.0584E-05 0.030584
1e-6 0.50e-6 1.185 3.11014E-05 0.0311014
1e-6 0.50e-6 1.19 3.16218E-05 0.0316218
1e-6 0.50e-6 1.195 3.21452E-05 0.0321452
1e-6 0.50e-6 1.2 3.26717E-05 0.0326717
5e-6 0.28e-6 0.35 1.92814E-08 3.85627E-06
5e-6 0.28e-6 0.355 2.20561E-08 4.41121E-06
5e-6 0.28e-6 0.36 2.52221E-08 5.04441E-06
5e-6 0.28e-6 0.365 2.88328E-08 5.76656E-06
5e-6 0.28e-6 0.37 3.29486E-08 6.58972E-06
5e-6 0.28e-6 0.375 3.76375E-08 7.52751E-06
5e-6 0.28e-6 0.38 4.29764E-08 8.59528E-06
5e-6 0.28e-6 0.385 4.90515E-08 9.8103E-06
5e-6 0.28e-6 0.39 5.59599E-08 1.1192E-05
5e-6 0.28e-6 0.395 6.38105E-08 1.27621E-05
5e-6 0.28e-6 0.4 7.27253E-08 1.45451E-05
5e-6 0.28e-6 0.405 8.2841E-08 1.65682E-05
5e-6 0.28e-6 0.41 9.431E-08 1.8862E-05
5e-6 0.28e-6 0.415 1.07302E-07 2.14605E-05
5e-6 0.28e-6 0.42 1.22008E-07 2.44016E-05
5e-6 0.28e-6 0.425 1.38636E-07 2.77273E-05
5e-6 0.28e-6 0.43 1.57421E-07 3.14843E-05
5e-6 0.28e-6 0.435 1.78621E-07 3.57242E-05
5e-6 0.28e-6 0.44 2.02521E-07 4.05041E-05
5e-6 0.28e-6 0.445 2.29434E-07 4.58869E-05
5e-6 0.28e-6 0.45 2.59708E-07 5.19416E-05
5e-6 0.28e-6 0.455 2.9372E-07 5.8744E-05
5e-6 0.28e-6 0.46 3.31886E-07 6.63773E-05
5e-6 0.28e-6 0.465 3.7466E-07 7.4932E-05
5e-6 0.28e-6 0.47 4.22534E-07 8.45068E-05
5e-6 0.28e-6 0.475 4.76046E-07 9.52092E-05
5e-6 0.28e-6 0.48 5.35776E-07 0.000107155
5e-6 0.28e-6 0.485 6.02355E-07 0.000120471
5e-6 0.28e-6 0.49 6.76458E-07 0.000135292
5e-6 0.28e-6 0.495 7.58815E-07 0.000151763
5e-6 0.28e-6 0.5 8.50208E-07 0.000170042
5e-6 0.28e-6 0.505 9.5147E-07 0.000190294
5e-6 0.28e-6 0.51 1.06349E-06 0.000212699
5e-6 0.28e-6 0.515 1.18722E-06 0.000237444
5e-6 0.28e-6 0.52 1.32365E-06 0.000264731
5e-6 0.28e-6 0.525 1.47385E-06 0.00029477
5e-6 0.28e-6 0.53 1.63892E-06 0.000327784
5e-6 0.28e-6 0.535 1.82002E-06 0.000364004
5e-6 0.28e-6 0.54 2.01838E-06 0.000403675
5e-6 0.28e-6 0.545 2.23524E-06 0.000447048
5e-6 0.28e-6 0.55 2.47192E-06 0.000494384
5e-6 0.28e-6 0.555 2.72976E-06 0.000545952
5e-6 0.28e-6 0.56 3.01015E-06 0.000602029
5e-6 0.28e-6 0.565 3.31448E-06 0.000662896
5e-6 0.28e-6 0.57 3.64419E-06 0.000728838
5e-6 0.28e-6 0.575 4.00073E-06 0.000800146
5e-6 0.28e-6 0.58 4.38555E-06 0.00087711
5e-6 0.28e-6 0.585 4.80011E-06 0.000960022
5e-6 0.28e-6 0.59 5.24586E-06 0.00104917
5e-6 0.28e-6 0.595 5.72423E-06 0.00114485
5e-6 0.28e-6 0.6 6.23664E-06 0.00124733
5e-6 0.28e-6 0.605 6.78446E-06 0.00135689
5e-6 0.28e-6 0.61 7.36905E-06 0.00147381
5e-6 0.28e-6 0.615 7.9917E-06 0.00159834
5e-6 0.28e-6 0.62 8.65368E-06 0.00173074
5e-6 0.28e-6 0.625 9.35619E-06 0.00187124
5e-6 0.28e-6 0.63 1.01004E-05 0.00202007
5e-6 0.28e-6 0.635 1.08873E-05 0.00217745
5e-6 0.28e-6 0.64 1.17179E-05 0.00234358
5e-6 0.28e-6 0.645 1.25932E-05 0.00251865
5e-6 0.28e-6 0.65 1.35141E-05 0.00270282
5e-6 0.28e-6 0.655 1.44813E-05 0.00289626
5e-6 0.28e-6 0.66 1.54956E-05 0.00309911
5e-6 0.28e-6 0.665 1.65575E-05 0.0033115
5e-6 0.28e-6 0.67 1.76677E-05 0.00353354
5e-6 0.28e-6 0.675 1.88266E-05 0.00376533
5e-6 0.28e-6 0.68 2.00347E-05 0.00400694
5e-6 0.28e-6 0.685 2.12923E-05 0.00425845
5e-6 0.28e-6 0.69 2.25996E-05 0.00451991
5e-6 0.28e-6 0.695 2.39568E-05 0.00479136
5e-6 0.28e-6 0.7 2.53641E-05 0.00507282
5e-6 0.28e-6 0.705 2.68215E-05 0.00536431
5e-6 0.28e-6 0.71 2.83291E-05 0.00566583
5e-6 0.28e-6 0.715 2.98868E-05 0.00597736
5e-6 0.28e-6 0.72 3.14944E-05 0.00629888
5e-6 0.28e-6 0.725 3.31518E-05 0.00663036
5e-6 0.28e-6 0.73 3.48588E-05 0.00697176
5e-6 0.28e-6 0.735 3.66151E-05 0.00732301
5e-6 0.28e-6 0.74 3.84204E-05 0.00768407
5e-6 0.28e-6 0.745 4.02743E-05 0.00805486
5e-6 0.28e-6 0.75 4.21765E-05 0.0084353
5e-6 0.28e-6 0.755 4.41265E-05 0.00882531
5e-6 0.28e-6 0.76 4.6124E-05 0.0092248
5e-6 0.28e-6 0.765 4.81683E-05 0.00963367
5e-6 0.28e-6 0.77 5.02591E-05 0.0100518
5e-6 0.28e-6 0.775 5.23958E-05 0.0104792
5e-6 0.28e-6 0.78 5.45777E-05 0.0109155
5e-6 0.28e-6 0.785 5.68045E-05 0.0113609
5e-6 0.28e-6 0.79 5.90755E-05 0.0118151
5e-6 0.28e-6 0.795 6.13901E-05 0.012278
5e-6 0.28e-6 0.8 6.37477E-05 0.0127495
5e-6 0.28e-6 0.805 6.61477E-05 0.0132295
5e-6 0.28e-6 0.81 6.85895E-05 0.0137179
5e-6 0.28e-6 0.815 7.10725E-05 0.0142145
5e-6 0.28e-6 0.82 7.35961E-05 0.0147192
5e-6 0.28e-6 0.825 7.61595E-05 0.0152319
5e-6 0.28e-6 0.83 7.87623E-05 0.0157525
5e-6 0.28e-6 0.835 8.14039E-05 0.0162808
5e-6 0.28e-6 0.84 8.40834E-05 0.0168167
5e-6 0.28e-6 0.845 8.68005E-05 0.0173601
5e-6 0.28e-6 0.85 8.95544E-05 0.0179109
5e-6 0.28e-6 0.855 9.23446E-05 0.0184689
5e-6 0.28e-6 0.86 9.51704E-05 0.0190341
5e-6 0.28e-6 0.865 9.80313E-05 0.0196063
5e-6 0.28e-6 0.87 0.000100927 0.0201853
5e-6 0.28e-6 0.875 0.000103856 0.0207712
5e-6 0.28e-6 0.88 0.000106818 0.0213637
5e-6 0.28e-6 0.885 0.000109814 0.0219628
5e-6 0.28e-6 0.89 0.000112841 0.0225683
5e-6 0.28e-6 0.895 0.000115901 0.0231801
5e-6 0.28e-6 0.9 0.000118991 0.0237982
5e-6 0.28e-6 0.905 0.000122112 0.0244224
5e-6 0.28e-6 0.91 0.000125263 0.0250526
5e-6 0.28e-6 0.915 0.000128443 0.0256887
5e-6 0.28e-6 0.92 0.000131653 0.0263306
5e-6 0.28e-6 0.925 0.000134891 0.0269783
5e-6 0.28e-6 0.93 0.000138158 0.0276315
5e-6 0.28e-6 0.935 0.000141452 0.0282903
5e-6 0.28e-6 0.94 0.000144773 0.0289546
5e-6 0.28e-6 0.945 0.000148121 0.0296241
5e-6 0.28e-6 0.95 0.000151495 0.0302989
5e-6 0.28e-6 0.955 0.000154894 0.0309789
5e-6 0.28e-6 0.96 0.00015832 0.0316639
5e-6 0.28e-6 0.965 0.00016177 0.032354
5e-6 0.28e-6 0.97 0.000165245 0.0330489
5e-6 0.28e-6 0.975 0.000168744 0.0337487
5e-6 0.28e-6 0.98 0.000172266 0.0344533
5e-6 0.28e-6 0.985 0.000175812 0.0351625
5e-6 0.28e-6 0.99 0.000179381 0.0358763
5e-6 0.28e-6 0.995 0.000182973 0.0365946
5e-6 0.28e-6 1 0.000186587 0.0373173
5e-6 0.28e-6 1.005 0.000190222 0.0380445
5e-6 0.28e-6 1.01 0.00019388 0.0387759
5e-6 0.28e-6 1.015 0.000197558 0.0395116
5e-6 0.28e-6 1.02 0.000201257 0.0402515
5e-6 0.28e-6 1.025 0.000204977 0.0409954
5e-6 0.28e-6 1.03 0.000208717 0.0417434
5e-6 0.28e-6 1.035 0.000212477 0.0424954
5e-6 0.28e-6 1.04 0.000216256 0.0432513
5e-6 0.28e-6 1.045 0.000220055 0.044011
5e-6 0.28e-6 1.05 0.000223873 0.0447745
5e-6 0.28e-6 1.055 0.000227709 0.0455418
5e-6 0.28e-6 1.06 0.000231563 0.0463127
5e-6 0.28e-6 1.065 0.000235436 0.0470872
5e-6 0.28e-6 1.07 0.000239327 0.0478653
5e-6 0.28e-6 1.075 0.000243235 0.0486469
5e-6 0.28e-6 1.08 0.00024716 0.049432
5e-6 0.28e-6 1.085 0.000251102 0.0502205
5e-6 0.28e-6 1.09 0.000255061 0.0510123
5e-6 0.28e-6 1.095 0.000259037 0.0518074
5e-6 0.28e-6 1.1 0.000263029 0.0526058
5e-6 0.28e-6 1.105 0.000267037 0.0534073
5e-6 0.28e-6 1.11 0.00027106 0.054212
5e-6 0.28e-6 1.115 0.000275099 0.0550199
5e-6 0.28e-6 1.12 0.000279154 0.0558308
5e-6 0.28e-6 1.125 0.000283223 0.0566447
5e-6 0.28e-6 1.13 0.000287308 0.0574616
5e-6 0.28e-6 1.135 0.000291407 0.0582814
5e-6 0.28e-6 1.14 0.00029552 0.0591041
5e-6 0.28e-6 1.145 0.000299648 0.0599296
5e-6 0.28e-6 1.15 0.00030379 0.0607579
5e-6 0.28e-6 1.155 0.000307945 0.061589
5e-6 0.28e-6 1.16 0.000312114 0.0624229
5e-6 0.28e-6 1.165 0.000316297 0.0632594
5e-6 0.28e-6 1.17 0.000320493 0.0640985
5e-6 0.28e-6 1.175 0.000324701 0.0649403
5e-6 0.28e-6 1.18 0.000328923 0.0657846
5e-6 0.28e-6 1.185 0.000333157 0.0666315
5e-6 0.28e-6 1.19 0.000337404 0.0674808
5e-6 0.28e-6 1.195 0.000341663 0.0683327
5e-6 0.28e-6 1.2 0.000345935 0.0691869
5e-6 0.36e-6 0.35 2.57961E-09 5.15921E-07
5e-6 0.36e-6 0.355 2.95738E-09 5.91475E-07
5e-6 0.36e-6 0.36 3.38999E-09 6.77998E-07
5e-6 0.36e-6 0.365 3.8853E-09 7.77059E-07
5e-6 0.36e-6 0.37 4.45224E-09 8.90447E-07
5e-6 0.36e-6 0.375 5.101E-09 1.0202E-06
5e-6 0.36e-6 0.38 5.84318E-09 1.16864E-06
5e-6 0.36e-6 0.385 6.692E-09 1.3384E-06
5e-6 0.36e-6 0.39 7.66244E-09 1.53249E-06
5e-6 0.36e-6 0.395 8.77157E-09 1.75431E-06
5e-6 0.36e-6 0.4 1.00388E-08 2.00775E-06
5e-6 0.36e-6 0.405 1.1486E-08 2.29719E-06
5e-6 0.36e-6 0.41 1.31381E-08 2.62762E-06
5e-6 0.36e-6 0.415 1.50234E-08 3.00467E-06
5e-6 0.36e-6 0.42 1.71737E-08 3.43474E-06
5e-6 0.36e-6 0.425 1.96251E-08 3.92503E-06
5e-6 0.36e-6 0.43 2.24184E-08 4.48369E-06
5e-6 0.36e-6 0.435 2.55996E-08 5.11992E-06
5e-6 0.36e-6 0.44 2.92203E-08 5.84407E-06
5e-6 0.36e-6 0.445 3.3339E-08 6.66779E-06
5e-6 0.36e-6 0.45 3.8021E-08 7.60419E-06
5e-6 0.36e-6 0.455 4.33398E-08 8.66797E-06
5e-6 0.36e-6 0.46 4.9378E-08 9.8756E-06
5e-6 0.36e-6 0.465 5.62278E-08 1.12456E-05
5e-6 0.36e-6 0.47 6.39921E-08 1.27984E-05
5e-6 0.36e-6 0.475 7.27862E-08 1.45572E-05
5e-6 0.36e-6 0.48 8.27383E-08 1.65477E-05
5e-6 0.36e-6 0.485 9.39909E-08 1.87982E-05
5e-6 0.36e-6 0.49 1.06703E-07 2.13405E-05
5e-6 0.36e-6 0.495 1.21049E-07 2.42098E-05
5e-6 0.36e-6 0.5 1.37225E-07 2.74449E-05
5e-6 0.36e-6 0.505 1.55444E-07 3.10888E-05
5e-6 0.36e-6 0.51 1.75945E-07 3.51889E-05
5e-6 0.36e-6 0.515 1.98987E-07 3.97974E-05
5e-6 0.36e-6 0.52 2.24858E-07 4.49715E-05
5e-6 0.36e-6 0.525 2.53871E-07 5.07743E-05
5e-6 0.36e-6 0.53 2.86372E-07 5.72744E-05
5e-6 0.36e-6 0.535 3.22736E-07 6.45471E-05
5e-6 0.36e-6 0.54 3.63372E-07 7.26744E-05
5e-6 0.36e-6 0.545 4.08726E-07 8.17453E-05
5e-6 0.36e-6 0.55 4.59283E-07 9.18566E-05
5e-6 0.36e-6 0.555 5.15566E-07 0.000103113
5e-6 0.36e-6 0.56 5.7814E-07 0.000115628
5e-6 0.36e-6 0.565 6.47615E-07 0.000129523
5e-6 0.36e-6 0.57 7.24647E-07 0.000144929
5e-6 0.36e-6 0.575 8.09935E-07 0.000161987
5e-6 0.36e-6 0.58 9.04229E-07 0.000180846
5e-6 0.36e-6 0.585 1.00833E-06 0.000201665
5e-6 0.36e-6 0.59 1.12307E-06 0.000224614
5e-6 0.36e-6 0.595 1.24936E-06 0.000249871
5e-6 0.36e-6 0.6 1.38812E-06 0.000277624
5e-6 0.36e-6 0.605 1.54035E-06 0.00030807
5e-6 0.36e-6 0.61 1.70707E-06 0.000341415
5e-6 0.36e-6 0.615 1.88936E-06 0.000377871
5e-6 0.36e-6 0.62 2.0883E-06 0.000417661
5e-6 0.36e-6 0.625 2.30505E-06 0.00046101
5e-6 0.36e-6 0.63 2.54075E-06 0.000508151
5e-6 0.36e-6 0.635 2.7966E-06 0.00055932
5e-6 0.36e-6 0.64 3.07379E-06 0.000614758
5e-6 0.36e-6 0.645 3.37353E-06 0.000674707
5e-6 0.36e-6 0.65 3.69704E-06 0.000739407
5e-6 0.36e-6 0.655 4.04551E-06 0.000809102
5e-6 0.36e-6 0.66 4.42015E-06 0.00088403
5e-6 0.36e-6 0.665 4.82214E-06 0.000964428
5e-6 0.36e-6 0.67 5.25264E-06 0.00105053
5e-6 0.36e-6 0.675 5.71277E-06 0.00114255
5e-6 0.36e-6 0.68 6.20364E-06 0.00124073
5e-6 0.36e-6 0.685 6.7263E-06 0.00134526
5e-6 0.36e-6 0.69 7.28177E-06 0.00145635
5e-6 0.36e-6 0.695 7.871E-06 0.0015742
5e-6 0.36e-6 0.7 8.49493E-06 0.00169899
5e-6 0.36e-6 0.705 9.15442E-06 0.00183088
5e-6 0.36e-6 0.71 9.85026E-06 0.00197005
5e-6 0.36e-6 0.715 1.05832E-05 0.00211664
5e-6 0.36e-6 0.72 1.1354E-05 0.00227079
5e-6 0.36e-6 0.725 1.21632E-05 0.00243263
5e-6 0.36e-6 0.73 1.30113E-05 0.00260227
5e-6 0.36e-6 0.735 1.3899E-05 0.00277981
5e-6 0.36e-6 0.74 1.48267E-05 0.00296534
5e-6 0.36e-6 0.745 1.57947E-05 0.00315895
5e-6 0.36e-6 0.75 1.68035E-05 0.00336069
5e-6 0.36e-6 0.755 1.78531E-05 0.00357063
5e-6 0.36e-6 0.76 1.8944E-05 0.0037888
5e-6 0.36e-6 0.765 2.00763E-05 0.00401525
5e-6 0.36e-6 0.77 2.125E-05 0.00425
5e-6 0.36e-6 0.775 2.24653E-05 0.00449306
5e-6 0.36e-6 0.78 2.37221E-05 0.00474443
5e-6 0.36e-6 0.785 2.50205E-05 0.00500411
5e-6 0.36e-6 0.79 2.63604E-05 0.00527209
5e-6 0.36e-6 0.795 2.77417E-05 0.00554834
5e-6 0.36e-6 0.8 2.91642E-05 0.00583284
5e-6 0.36e-6 0.805 3.06278E-05 0.00612556
5e-6 0.36e-6 0.81 3.21323E-05 0.00642645
5e-6 0.36e-6 0.815 3.36773E-05 0.00673546
5e-6 0.36e-6 0.82 3.52627E-05 0.00705255
5e-6 0.36e-6 0.825 3.68882E-05 0.00737764
5e-6 0.36e-6 0.83 3.85534E-05 0.00771069
5e-6 0.36e-6 0.835 4.02581E-05 0.00805162
5e-6 0.36e-6 0.84 4.20018E-05 0.00840036
5e-6 0.36e-6 0.845 4.37842E-05 0.00875684
5e-6 0.36e-6 0.85 4.56049E-05 0.00912098
5e-6 0.36e-6 0.855 4.74635E-05 0.0094927
5e-6 0.36e-6 0.86 4.93596E-05 0.00987192
5e-6 0.36e-6 0.865 5.12928E-05 0.0102586
5e-6 0.36e-6 0.87 5.32627E-05 0.0106525
5e-6 0.36e-6 0.875 5.52687E-05 0.0110537
5e-6 0.36e-6 0.88 5.73106E-05 0.0114621
5e-6 0.36e-6 0.885 5.93878E-05 0.0118776
5e-6 0.36e-6 0.89 6.14999E-05 0.0123
5e-6 0.36e-6 0.895 6.36465E-05 0.0127293
5e-6 0.36e-6 0.9 6.5827E-05 0.0131654
5e-6 0.36e-6 0.905 6.80412E-05 0.0136082
5e-6 0.36e-6 0.91 7.02884E-05 0.0140577
5e-6 0.36e-6 0.915 7.25683E-05 0.0145137
5e-6 0.36e-6 0.92 7.48804E-05 0.0149761
5e-6 0.36e-6 0.925 7.72243E-05 0.0154449
5e-6 0.36e-6 0.93 7.95996E-05 0.0159199
5e-6 0.36e-6 0.935 8.20057E-05 0.0164011
5e-6 0.36e-6 0.94 8.44423E-05 0.0168885
5e-6 0.36e-6 0.945 8.6909E-05 0.0173818
5e-6 0.36e-6 0.95 8.94053E-05 0.0178811
5e-6 0.36e-6 0.955 9.19308E-05 0.0183862
5e-6 0.36e-6 0.96 9.44851E-05 0.018897
5e-6 0.36e-6 0.965 9.70678E-05 0.0194136
5e-6 0.36e-6 0.97 9.96785E-05 0.0199357
5e-6 0.36e-6 0.975 0.000102317 0.0204634
5e-6 0.36e-6 0.98 0.000104982 0.0209965
5e-6 0.36e-6 0.985 0.000107675 0.0215349
5e-6 0.36e-6 0.99 0.000110393 0.0220787
5e-6 0.36e-6 0.995 0.000113138 0.0226276
5e-6 0.36e-6 1 0.000115909 0.0231817
5e-6 0.36e-6 1.005 0.000118704 0.0237409
5e-6 0.36e-6 1.01 0.000121525 0.0243051
5e-6 0.36e-6 1.015 0.000124371 0.0248741
5e-6 0.36e-6 1.02 0.00012724 0.0254481
5e-6 0.36e-6 1.025 0.000130134 0.0260268
5e-6 0.36e-6 1.03 0.000133051 0.0266103
5e-6 0.36e-6 1.035 0.000135992 0.0271984
5e-6 0.36e-6 1.04 0.000138955 0.0277911
5e-6 0.36e-6 1.045 0.000141942 0.0283883
5e-6 0.36e-6 1.05 0.00014495 0.02899
5e-6 0.36e-6 1.055 0.000147981 0.0295961
5e-6 0.36e-6 1.06 0.000151033 0.0302066
5e-6 0.36e-6 1.065 0.000154106 0.0308213
5e-6 0.36e-6 1.07 0.000157201 0.0314402
5e-6 0.36e-6 1.075 0.000160317 0.0320634
5e-6 0.36e-6 1.08 0.000163453 0.0326906
5e-6 0.36e-6 1.085 0.000166609 0.0333219
5e-6 0.36e-6 1.09 0.000169786 0.0339572
5e-6 0.36e-6 1.095 0.000172982 0.0345964
5e-6 0.36e-6 1.1 0.000176198 0.0352396
5e-6 0.36e-6 1.105 0.000179433 0.0358865
5e-6 0.36e-6 1.11 0.000182687 0.0365373
5e-6 0.36e-6 1.115 0.000185959 0.0371918
5e-6 0.36e-6 1.12 0.00018925 0.0378501
5e-6 0.36e-6 1.125 0.00019256 0.0385119
5e-6 0.36e-6 1.13 0.000195887 0.0391774
5e-6 0.36e-6 1.135 0.000199232 0.0398464
5e-6 0.36e-6 1.14 0.000202594 0.0405189
5e-6 0.36e-6 1.145 0.000205974 0.0411948
5e-6 0.36e-6 1.15 0.000209371 0.0418742
5e-6 0.36e-6 1.155 0.000212785 0.042557
5e-6 0.36e-6 1.16 0.000216215 0.043243
5e-6 0.36e-6 1.165 0.000219662 0.0439324
5e-6 0.36e-6 1.17 0.000223125 0.044625
5e-6 0.36e-6 1.175 0.000226604 0.0453208
5e-6 0.36e-6 1.18 0.000230099 0.0460197
5e-6 0.36e-6 1.185 0.000233609 0.0467218
5e-6 0.36e-6 1.19 0.000237135 0.047427
5e-6 0.36e-6 1.195 0.000240676 0.0481352
5e-6 0.36e-6 1.2 0.000244232 0.0488464
5e-6 0.50e-6 0.35 6.33024E-10 1.26605E-07
5e-6 0.50e-6 0.355 7.26029E-10 1.45206E-07
5e-6 0.50e-6 0.36 8.32654E-10 1.66531E-07
5e-6 0.50e-6 0.365 9.5488E-10 1.90976E-07
5e-6 0.50e-6 0.37 1.09496E-09 2.18992E-07
5e-6 0.50e-6 0.375 1.25549E-09 2.51098E-07
5e-6 0.50e-6 0.38 1.43941E-09 2.87882E-07
5e-6 0.50e-6 0.385 1.6501E-09 3.30019E-07
5e-6 0.50e-6 0.39 1.89139E-09 3.78277E-07
5e-6 0.50e-6 0.395 2.16768E-09 4.33536E-07
5e-6 0.50e-6 0.4 2.48397E-09 4.96793E-07
5e-6 0.50e-6 0.405 2.84596E-09 5.69193E-07
5e-6 0.50e-6 0.41 3.26016E-09 6.52032E-07
5e-6 0.50e-6 0.415 3.73395E-09 7.46791E-07
5e-6 0.50e-6 0.42 4.27577E-09 8.55153E-07
5e-6 0.50e-6 0.425 4.89517E-09 9.79034E-07
5e-6 0.50e-6 0.43 5.60304E-09 1.12061E-06
5e-6 0.50e-6 0.435 6.41173E-09 1.28235E-06
5e-6 0.50e-6 0.44 7.33526E-09 1.46705E-06
5e-6 0.50e-6 0.445 8.38951E-09 1.6779E-06
5e-6 0.50e-6 0.45 9.5925E-09 1.9185E-06
5e-6 0.50e-6 0.455 1.09646E-08 2.19292E-06
5e-6 0.50e-6 0.46 1.25288E-08 2.50577E-06
5e-6 0.50e-6 0.465 1.43113E-08 2.86225E-06
5e-6 0.50e-6 0.47 1.63412E-08 3.26825E-06
5e-6 0.50e-6 0.475 1.86519E-08 3.73038E-06
5e-6 0.50e-6 0.48 2.12805E-08 4.25609E-06
5e-6 0.50e-6 0.485 2.4269E-08 4.85379E-06
5e-6 0.50e-6 0.49 2.76645E-08 5.53289E-06
5e-6 0.50e-6 0.495 3.15198E-08 6.30396E-06
5e-6 0.50e-6 0.5 3.58943E-08 7.17885E-06
5e-6 0.50e-6 0.505 4.08541E-08 8.17081E-06
5e-6 0.50e-6 0.51 4.64733E-08 9.29466E-06
5e-6 0.50e-6 0.515 5.28346E-08 1.05669E-05
5e-6 0.50e-6 0.52 6.003E-08 1.2006E-05
5e-6 0.50e-6 0.525 6.81621E-08 1.36324E-05
5e-6 0.50e-6 0.53 7.73446E-08 1.54689E-05
5e-6 0.50e-6 0.535 8.77038E-08 1.75408E-05
5e-6 0.50e-6 0.54 9.93796E-08 1.98759E-05
5e-6 0.50e-6 0.545 1.12527E-07 2.25053E-05
5e-6 0.50e-6 0.55 1.27316E-07 2.54631E-05
5e-6 0.50e-6 0.555 1.43935E-07 2.8787E-05
5e-6 0.50e-6 0.56 1.62592E-07 3.25183E-05
5e-6 0.50e-6 0.565 1.83513E-07 3.67026E-05
5e-6 0.50e-6 0.57 2.06949E-07 4.13898E-05
5e-6 0.50e-6 0.575 2.33172E-07 4.66345E-05
5e-6 0.50e-6 0.58 2.62482E-07 5.24964E-05
5e-6 0.50e-6 0.585 2.95203E-07 5.90406E-05
5e-6 0.50e-6 0.59 3.31689E-07 6.63379E-05
5e-6 0.50e-6 0.595 3.72326E-07 7.44651E-05
5e-6 0.50e-6 0.6 4.17528E-07 8.35056E-05
5e-6 0.50e-6 0.605 4.67746E-07 9.35492E-05
5e-6 0.50e-6 0.61 5.23464E-07 0.000104693
5e-6 0.50e-6 0.615 5.85202E-07 0.00011704
5e-6 0.50e-6 0.62 6.53517E-07 0.000130703
5e-6 0.50e-6 0.625 7.29003E-07 0.000145801
5e-6 0.50e-6 0.63 8.1229E-07 0.000162458
5e-6 0.50e-6 0.635 9.04048E-07 0.00018081
5e-6 0.50e-6 0.64 1.00498E-06 0.000200996
5e-6 0.50e-6 0.645 1.11583E-06 0.000223166
5e-6 0.50e-6 0.65 1.23736E-06 0.000247473
5e-6 0.50e-6 0.655 1.37039E-06 0.000274078
5e-6 0.50e-6 0.66 1.51574E-06 0.000303148
5e-6 0.50e-6 0.665 1.67427E-06 0.000334854
5e-6 0.50e-6 0.67 1.84686E-06 0.000369373
5e-6 0.50e-6 0.675 2.03441E-06 0.000406882
5e-6 0.50e-6 0.68 2.23782E-06 0.000447564
5e-6 0.50e-6 0.685 2.45801E-06 0.000491602
5e-6 0.50e-6 0.69 2.6959E-06 0.000539181
5e-6 0.50e-6 0.695 2.95241E-06 0.000590483
5e-6 0.50e-6 0.7 3.22845E-06 0.000645691
5e-6 0.50e-6 0.705 3.52493E-06 0.000704985
5e-6 0.50e-6 0.71 3.84272E-06 0.000768544
5e-6 0.50e-6 0.715 4.18269E-06 0.000836539
5e-6 0.50e-6 0.72 4.5457E-06 0.000909139
5e-6 0.50e-6 0.725 4.93254E-06 0.000986508
5e-6 0.50e-6 0.73 5.34401E-06 0.0010688
5e-6 0.50e-6 0.735 5.78087E-06 0.00115617
5e-6 0.50e-6 0.74 6.24381E-06 0.00124876
5e-6 0.50e-6 0.745 6.73354E-06 0.00134671
5e-6 0.50e-6 0.75 7.25067E-06 0.00145013
5e-6 0.50e-6 0.755 7.79582E-06 0.00155916
5e-6 0.50e-6 0.76 8.36954E-06 0.00167391
5e-6 0.50e-6 0.765 8.97233E-06 0.00179447
5e-6 0.50e-6 0.77 9.60469E-06 0.00192094
5e-6 0.50e-6 0.775 1.0267E-05 0.0020534
5e-6 0.50e-6 0.78 1.09597E-05 0.00219194
5e-6 0.50e-6 0.785 1.16831E-05 0.00233663
5e-6 0.50e-6 0.79 1.24376E-05 0.00248752
5e-6 0.50e-6 0.795 1.32233E-05 0.00264466
5e-6 0.50e-6 0.8 1.40405E-05 0.0028081
5e-6 0.50e-6 0.805 1.48894E-05 0.00297788
5e-6 0.50e-6 0.81 1.57702E-05 0.00315403
5e-6 0.50e-6 0.815 1.66829E-05 0.00333657
5e-6 0.50e-6 0.82 1.76276E-05 0.00352552
5e-6 0.50e-6 0.825 1.86044E-05 0.00372088
5e-6 0.50e-6 0.83 1.96133E-05 0.00392266
5e-6 0.50e-6 0.835 2.06542E-05 0.00413085
5e-6 0.50e-6 0.84 2.17273E-05 0.00434545
5e-6 0.50e-6 0.845 2.28322E-05 0.00456645
5e-6 0.50e-6 0.85 2.39691E-05 0.00479382
5e-6 0.50e-6 0.855 2.51377E-05 0.00502755
5e-6 0.50e-6 0.86 2.6338E-05 0.0052676
5e-6 0.50e-6 0.865 2.75698E-05 0.00551395
5e-6 0.50e-6 0.87 2.88328E-05 0.00576657
5e-6 0.50e-6 0.875 3.0127E-05 0.00602541
5e-6 0.50e-6 0.88 3.14522E-05 0.00629043
5e-6 0.50e-6 0.885 3.2808E-05 0.0065616
5e-6 0.50e-6 0.89 3.41943E-05 0.00683887
5e-6 0.50e-6 0.895 3.56109E-05 0.00712218
5e-6 0.50e-6 0.9 3.70575E-05 0.0074115
5e-6 0.50e-6 0.905 3.85338E-05 0.00770677
5e-6 0.50e-6 0.91 4.00397E-05 0.00800793
5e-6 0.50e-6 0.915 4.15747E-05 0.00831494
5e-6 0.50e-6 0.92 4.31387E-05 0.00862774
5e-6 0.50e-6 0.925 4.47314E-05 0.00894628
5e-6 0.50e-6 0.93 4.63525E-05 0.00927049
5e-6 0.50e-6 0.935 4.80016E-05 0.00960033
5e-6 0.50e-6 0.94 4.96786E-05 0.00993573
5e-6 0.50e-6 0.945 5.13832E-05 0.0102766
5e-6 0.50e-6 0.95 5.31149E-05 0.010623
5e-6 0.50e-6 0.955 5.48737E-05 0.0109747
5e-6 0.50e-6 0.96 5.66591E-05 0.0113318
5e-6 0.50e-6 0.965 5.84709E-05 0.0116942
5e-6 0.50e-6 0.97 6.03088E-05 0.0120618
5e-6 0.50e-6 0.975 6.21724E-05 0.0124345
5e-6 0.50e-6 0.98 6.40616E-05 0.0128123
5e-6 0.50e-6 0.985 6.59761E-05 0.0131952
5e-6 0.50e-6 0.99 6.79154E-05 0.0135831
5e-6 0.50e-6 0.995 6.98795E-05 0.0139759
5e-6 0.50e-6 1 7.18679E-05 0.0143736
5e-6 0.50e-6 1.005 7.38805E-05 0.0147761
5e-6 0.50e-6 1.01 7.59169E-05 0.0151834
5e-6 0.50e-6 1.015 7.79769E-05 0.0155954
5e-6 0.50e-6 1.02 8.00602E-05 0.016012
5e-6 0.50e-6 1.025 8.21665E-05 0.0164333
5e-6 0.50e-6 1.03 8.42956E-05 0.0168591
5e-6 0.50e-6 1.035 8.64472E-05 0.0172894
5e-6 0.50e-6 1.04 8.86211E-05 0.0177242
5e-6 0.50e-6 1.045 9.08171E-05 0.0181634
5e-6 0.50e-6 1.05 9.30347E-05 0.0186069
5e-6 0.50e-6 1.055 9.52739E-05 0.0190548
5e-6 0.50e-6 1.06 9.75344E-05 0.0195069
5e-6 0.50e-6 1.065 9.98159E-05 0.0199632
5e-6 0.50e-6 1.07 0.000102118 0.0204237
5e-6 0.50e-6 1.075 0.000104441 0.0208882
5e-6 0.50e-6 1.08 0.000106784 0.0213569
5e-6 0.50e-6 1.085 0.000109148 0.0218295
5e-6 0.50e-6 1.09 0.000111531 0.0223062
5e-6 0.50e-6 1.095 0.000113934 0.0227868
5e-6 0.50e-6 1.1 0.000116356 0.0232712
5e-6 0.50e-6 1.105 0.000118798 0.0237595
5e-6 0.50e-6 1.11 0.000121258 0.0242516
5e-6 0.50e-6 1.115 0.000123738 0.0247475
5e-6 0.50e-6 1.12 0.000126236 0.0252471
5e-6 0.50e-6 1.125 0.000128752 0.0257504
5e-6 0.50e-6 1.13 0.000131286 0.0262573
5e-6 0.50e-6 1.135 0.000133839 0.0267678
5e-6 0.50e-6 1.14 0.000136409 0.0272819
5e-6 0.50e-6 1.145 0.000138997 0.0277995
5e-6 0.50e-6 1.15 0.000141603 0.0283206
5e-6 0.50e-6 1.155 0.000144225 0.0288451
5e-6 0.50e-6 1.16 0.000146865 0.029373
5e-6 0.50e-6 1.165 0.000149522 0.0299043
5e-6 0.50e-6 1.17 0.000152195 0.0304389
5e-6 0.50e-6 1.175 0.000154884 0.0309769
5e-6 0.50e-6 1.18 0.00015759 0.0315181
5e-6 0.50e-6 1.185 0.000160313 0.0320625
5e-6 0.50e-6 1.19 0.000163051 0.0326102
5e-6 0.50e-6 1.195 0.000165805 0.0331609
5e-6 0.50e-6 1.2 0.000168574 0.0337149
10e-6 0.28e-6 0.35 4.0702E-08 4.0702E-06
10e-6 0.28e-6 0.355 4.65531E-08 4.65531E-06
10e-6 0.28e-6 0.36 5.3228E-08 5.3228E-06
10e-6 0.28e-6 0.365 6.08386E-08 6.08386E-06
10e-6 0.28e-6 0.37 6.95118E-08 6.95118E-06
10e-6 0.28e-6 0.375 7.93902E-08 7.93902E-06
10e-6 0.28e-6 0.38 9.06346E-08 9.06346E-06
10e-6 0.28e-6 0.385 1.03426E-07 1.03426E-05
10e-6 0.28e-6 0.39 1.17967E-07 1.17967E-05
10e-6 0.28e-6 0.395 1.34486E-07 1.34486E-05
10e-6 0.28e-6 0.4 1.53238E-07 1.53238E-05
10e-6 0.28e-6 0.405 1.74507E-07 1.74507E-05
10e-6 0.28e-6 0.41 1.98612E-07 1.98612E-05
10e-6 0.28e-6 0.415 2.25909E-07 2.25909E-05
10e-6 0.28e-6 0.42 2.56789E-07 2.56789E-05
10e-6 0.28e-6 0.425 2.91693E-07 2.91693E-05
10e-6 0.28e-6 0.43 3.31104E-07 3.31104E-05
10e-6 0.28e-6 0.435 3.75557E-07 3.75557E-05
10e-6 0.28e-6 0.44 4.25646E-07 4.25646E-05
10e-6 0.28e-6 0.445 4.82019E-07 4.82019E-05
10e-6 0.28e-6 0.45 5.45393E-07 5.45393E-05
10e-6 0.28e-6 0.455 6.1655E-07 6.1655E-05
10e-6 0.28e-6 0.46 6.96347E-07 6.96347E-05
10e-6 0.28e-6 0.465 7.85717E-07 7.85717E-05
10e-6 0.28e-6 0.47 8.85677E-07 8.85677E-05
10e-6 0.28e-6 0.475 9.97328E-07 9.97328E-05
10e-6 0.28e-6 0.48 1.12186E-06 0.000112186
10e-6 0.28e-6 0.485 1.26057E-06 0.000126057
10e-6 0.28e-6 0.49 1.41484E-06 0.000141484
10e-6 0.28e-6 0.495 1.58615E-06 0.000158615
10e-6 0.28e-6 0.5 1.7761E-06 0.00017761
10e-6 0.28e-6 0.505 1.98638E-06 0.000198638
10e-6 0.28e-6 0.51 2.21882E-06 0.000221882
10e-6 0.28e-6 0.515 2.47531E-06 0.000247531
10e-6 0.28e-6 0.52 2.7579E-06 0.00027579
10e-6 0.28e-6 0.525 3.06871E-06 0.000306871
10e-6 0.28e-6 0.53 3.40998E-06 0.000340998
10e-6 0.28e-6 0.535 3.78406E-06 0.000378406
10e-6 0.28e-6 0.54 4.19339E-06 0.000419339
10e-6 0.28e-6 0.545 4.64049E-06 0.000464049
10e-6 0.28e-6 0.55 5.12798E-06 0.000512798
10e-6 0.28e-6 0.555 5.65856E-06 0.000565856
10e-6 0.28e-6 0.56 6.23497E-06 0.000623497
10e-6 0.28e-6 0.565 6.86002E-06 0.000686002
10e-6 0.28e-6 0.57 7.53655E-06 0.000753655
10e-6 0.28e-6 0.575 8.26745E-06 0.000826745
10e-6 0.28e-6 0.58 9.0556E-06 0.00090556
10e-6 0.28e-6 0.585 9.90387E-06 0.000990387
10e-6 0.28e-6 0.59 1.08151E-05 0.00108151
10e-6 0.28e-6 0.595 1.17923E-05 0.00117923
10e-6 0.28e-6 0.6 1.2838E-05 0.0012838
10e-6 0.28e-6 0.605 1.39551E-05 0.00139551
10e-6 0.28e-6 0.61 1.51462E-05 0.00151462
10e-6 0.28e-6 0.615 1.64138E-05 0.00164138
10e-6 0.28e-6 0.62 1.77605E-05 0.00177605
10e-6 0.28e-6 0.625 1.91886E-05 0.00191886
10e-6 0.28e-6 0.63 2.07004E-05 0.00207004
10e-6 0.28e-6 0.635 2.22979E-05 0.00222979
10e-6 0.28e-6 0.64 2.39832E-05 0.00239832
10e-6 0.28e-6 0.645 2.57581E-05 0.00257581
10e-6 0.28e-6 0.65 2.76243E-05 0.00276243
10e-6 0.28e-6 0.655 2.95834E-05 0.00295834
10e-6 0.28e-6 0.66 3.16367E-05 0.00316367
10e-6 0.28e-6 0.665 3.37855E-05 0.00337855
10e-6 0.28e-6 0.67 3.6031E-05 0.0036031
10e-6 0.28e-6 0.675 3.83741E-05 0.00383741
10e-6 0.28e-6 0.68 4.08155E-05 0.00408155
10e-6 0.28e-6 0.685 4.33561E-05 0.00433561
10e-6 0.28e-6 0.69 4.59962E-05 0.00459962
10e-6 0.28e-6 0.695 4.87364E-05 0.00487364
10e-6 0.28e-6 0.7 5.15768E-05 0.00515768
10e-6 0.28e-6 0.705 5.45175E-05 0.00545175
10e-6 0.28e-6 0.71 5.75586E-05 0.00575586
10e-6 0.28e-6 0.715 6.07E-05 0.00607
10e-6 0.28e-6 0.72 6.39414E-05 0.00639414
10e-6 0.28e-6 0.725 6.72824E-05 0.00672824
10e-6 0.28e-6 0.73 7.07227E-05 0.00707227
10e-6 0.28e-6 0.735 7.42618E-05 0.00742618
10e-6 0.28e-6 0.74 7.78989E-05 0.00778989
10e-6 0.28e-6 0.745 8.16335E-05 0.00816335
10e-6 0.28e-6 0.75 8.54646E-05 0.00854646
10e-6 0.28e-6 0.755 8.93916E-05 0.00893916
10e-6 0.28e-6 0.76 9.34135E-05 0.00934135
10e-6 0.28e-6 0.765 9.75293E-05 0.00975293
10e-6 0.28e-6 0.77 0.000101738 0.0101738
10e-6 0.28e-6 0.775 0.000106039 0.0106039
10e-6 0.28e-6 0.78 0.00011043 0.011043
10e-6 0.28e-6 0.785 0.000114911 0.0114911
10e-6 0.28e-6 0.79 0.00011948 0.011948
10e-6 0.28e-6 0.795 0.000124137 0.0124137
10e-6 0.28e-6 0.8 0.00012888 0.012888
10e-6 0.28e-6 0.805 0.000133708 0.0133708
10e-6 0.28e-6 0.81 0.000138619 0.0138619
10e-6 0.28e-6 0.815 0.000143613 0.0143613
10e-6 0.28e-6 0.82 0.000148688 0.0148688
10e-6 0.28e-6 0.825 0.000153843 0.0153843
10e-6 0.28e-6 0.83 0.000159077 0.0159077
10e-6 0.28e-6 0.835 0.000164388 0.0164388
10e-6 0.28e-6 0.84 0.000169775 0.0169775
10e-6 0.28e-6 0.845 0.000175237 0.0175237
10e-6 0.28e-6 0.85 0.000180773 0.0180773
10e-6 0.28e-6 0.855 0.000186381 0.0186381
10e-6 0.28e-6 0.86 0.000192061 0.0192061
10e-6 0.28e-6 0.865 0.00019781 0.019781
10e-6 0.28e-6 0.87 0.000203629 0.0203629
10e-6 0.28e-6 0.875 0.000209515 0.0209515
10e-6 0.28e-6 0.88 0.000215468 0.0215468
10e-6 0.28e-6 0.885 0.000221487 0.0221487
10e-6 0.28e-6 0.89 0.00022757 0.022757
10e-6 0.28e-6 0.895 0.000233716 0.0233716
10e-6 0.28e-6 0.9 0.000239924 0.0239924
10e-6 0.28e-6 0.905 0.000246193 0.0246193
10e-6 0.28e-6 0.91 0.000252522 0.0252522
10e-6 0.28e-6 0.915 0.000258911 0.0258911
10e-6 0.28e-6 0.92 0.000265357 0.0265357
10e-6 0.28e-6 0.925 0.000271861 0.0271861
10e-6 0.28e-6 0.93 0.00027842 0.027842
10e-6 0.28e-6 0.935 0.000285035 0.0285035
10e-6 0.28e-6 0.94 0.000291703 0.0291703
10e-6 0.28e-6 0.945 0.000298425 0.0298425
10e-6 0.28e-6 0.95 0.0003052 0.03052
10e-6 0.28e-6 0.955 0.000312025 0.0312025
10e-6 0.28e-6 0.96 0.000318902 0.0318902
10e-6 0.28e-6 0.965 0.000325828 0.0325828
10e-6 0.28e-6 0.97 0.000332803 0.0332803
10e-6 0.28e-6 0.975 0.000339826 0.0339826
10e-6 0.28e-6 0.98 0.000346896 0.0346896
10e-6 0.28e-6 0.985 0.000354013 0.0354013
10e-6 0.28e-6 0.99 0.000361176 0.0361176
10e-6 0.28e-6 0.995 0.000368384 0.0368384
10e-6 0.28e-6 1 0.000375636 0.0375636
10e-6 0.28e-6 1.005 0.000382931 0.0382931
10e-6 0.28e-6 1.01 0.00039027 0.039027
10e-6 0.28e-6 1.015 0.00039765 0.039765
10e-6 0.28e-6 1.02 0.000405072 0.0405072
10e-6 0.28e-6 1.025 0.000412535 0.0412535
10e-6 0.28e-6 1.03 0.000420037 0.0420037
10e-6 0.28e-6 1.035 0.00042758 0.042758
10e-6 0.28e-6 1.04 0.000435161 0.0435161
10e-6 0.28e-6 1.045 0.000442781 0.0442781
10e-6 0.28e-6 1.05 0.000450438 0.0450438
10e-6 0.28e-6 1.055 0.000458132 0.0458132
10e-6 0.28e-6 1.06 0.000465863 0.0465863
10e-6 0.28e-6 1.065 0.000473629 0.0473629
10e-6 0.28e-6 1.07 0.000481431 0.0481431
10e-6 0.28e-6 1.075 0.000489268 0.0489268
10e-6 0.28e-6 1.08 0.000497139 0.0497139
10e-6 0.28e-6 1.085 0.000505044 0.0505044
10e-6 0.28e-6 1.09 0.000512982 0.0512982
10e-6 0.28e-6 1.095 0.000520953 0.0520953
10e-6 0.28e-6 1.1 0.000528956 0.0528956
10e-6 0.28e-6 1.105 0.000536991 0.0536991
10e-6 0.28e-6 1.11 0.000545057 0.0545057
10e-6 0.28e-6 1.115 0.000553154 0.0553154
10e-6 0.28e-6 1.12 0.000561281 0.0561281
10e-6 0.28e-6 1.125 0.000569439 0.0569439
10e-6 0.28e-6 1.13 0.000577625 0.0577625
10e-6 0.28e-6 1.135 0.000585841 0.0585841
10e-6 0.28e-6 1.14 0.000594085 0.0594085
10e-6 0.28e-6 1.145 0.000602357 0.0602357
10e-6 0.28e-6 1.15 0.000610658 0.0610658
10e-6 0.28e-6 1.155 0.000618985 0.0618985
10e-6 0.28e-6 1.16 0.00062734 0.062734
10e-6 0.28e-6 1.165 0.000635721 0.0635721
10e-6 0.28e-6 1.17 0.000644128 0.0644128
10e-6 0.28e-6 1.175 0.000652561 0.0652561
10e-6 0.28e-6 1.18 0.000661019 0.0661019
10e-6 0.28e-6 1.185 0.000669503 0.0669503
10e-6 0.28e-6 1.19 0.000678011 0.0678011
10e-6 0.28e-6 1.195 0.000686543 0.0686543
10e-6 0.28e-6 1.2 0.0006951 0.06951
10e-6 0.36e-6 0.35 5.34826E-09 5.34826E-07
10e-6 0.36e-6 0.355 6.13153E-09 6.13153E-07
10e-6 0.36e-6 0.36 7.02846E-09 7.02846E-07
10e-6 0.36e-6 0.365 8.05528E-09 8.05528E-07
10e-6 0.36e-6 0.37 9.23052E-09 9.23052E-07
10e-6 0.36e-6 0.375 1.05753E-08 1.05753E-06
10e-6 0.36e-6 0.38 1.21135E-08 1.21135E-06
10e-6 0.36e-6 0.385 1.38726E-08 1.38726E-06
10e-6 0.36e-6 0.39 1.58835E-08 1.58835E-06
10e-6 0.36e-6 0.395 1.81816E-08 1.81816E-06
10e-6 0.36e-6 0.4 2.08068E-08 2.08068E-06
10e-6 0.36e-6 0.405 2.38046E-08 2.38046E-06
10e-6 0.36e-6 0.41 2.72264E-08 2.72264E-06
10e-6 0.36e-6 0.415 3.11305E-08 3.11305E-06
10e-6 0.36e-6 0.42 3.55828E-08 3.55828E-06
10e-6 0.36e-6 0.425 4.06576E-08 4.06576E-06
10e-6 0.36e-6 0.43 4.64391E-08 4.64391E-06
10e-6 0.36e-6 0.435 5.30221E-08 5.30221E-06
10e-6 0.36e-6 0.44 6.05132E-08 6.05132E-06
10e-6 0.36e-6 0.445 6.90324E-08 6.90324E-06
10e-6 0.36e-6 0.45 7.87147E-08 7.87147E-06
10e-6 0.36e-6 0.455 8.97112E-08 8.97112E-06
10e-6 0.36e-6 0.46 1.02192E-07 1.02192E-05
10e-6 0.36e-6 0.465 1.16345E-07 1.16345E-05
10e-6 0.36e-6 0.47 1.32384E-07 1.32384E-05
10e-6 0.36e-6 0.475 1.50544E-07 1.50544E-05
10e-6 0.36e-6 0.48 1.71088E-07 1.71088E-05
10e-6 0.36e-6 0.485 1.94308E-07 1.94308E-05
10e-6 0.36e-6 0.49 2.20529E-07 2.20529E-05
10e-6 0.36e-6 0.495 2.50111E-07 2.50111E-05
10e-6 0.36e-6 0.5 2.8345E-07 2.8345E-05
10e-6 0.36e-6 0.505 3.20985E-07 3.20985E-05
10e-6 0.36e-6 0.51 3.632E-07 3.632E-05
10e-6 0.36e-6 0.515 4.10626E-07 4.10626E-05
10e-6 0.36e-6 0.52 4.63846E-07 4.63846E-05
10e-6 0.36e-6 0.525 5.23501E-07 5.23501E-05
10e-6 0.36e-6 0.53 5.90288E-07 5.90288E-05
10e-6 0.36e-6 0.535 6.64971E-07 6.64971E-05
10e-6 0.36e-6 0.54 7.48379E-07 7.48379E-05
10e-6 0.36e-6 0.545 8.41414E-07 8.41414E-05
10e-6 0.36e-6 0.55 9.45055E-07 9.45055E-05
10e-6 0.36e-6 0.555 1.06036E-06 0.000106036
10e-6 0.36e-6 0.56 1.18846E-06 0.000118846
10e-6 0.36e-6 0.565 1.3306E-06 0.00013306
10e-6 0.36e-6 0.57 1.48808E-06 0.000148808
10e-6 0.36e-6 0.575 1.66231E-06 0.000166231
10e-6 0.36e-6 0.58 1.85479E-06 0.000185479
10e-6 0.36e-6 0.585 2.06713E-06 0.000206713
10e-6 0.36e-6 0.59 2.301E-06 0.0002301
10e-6 0.36e-6 0.595 2.55819E-06 0.000255819
10e-6 0.36e-6 0.6 2.84058E-06 0.000284058
10e-6 0.36e-6 0.605 3.15012E-06 0.000315012
10e-6 0.36e-6 0.61 3.48886E-06 0.000348886
10e-6 0.36e-6 0.615 3.85892E-06 0.000385892
10e-6 0.36e-6 0.62 4.26248E-06 0.000426248
10e-6 0.36e-6 0.625 4.7018E-06 0.00047018
10e-6 0.36e-6 0.63 5.17919E-06 0.000517919
10e-6 0.36e-6 0.635 5.69698E-06 0.000569698
10e-6 0.36e-6 0.64 6.25754E-06 0.000625754
10e-6 0.36e-6 0.645 6.86328E-06 0.000686328
10e-6 0.36e-6 0.65 7.51658E-06 0.000751658
10e-6 0.36e-6 0.655 8.21984E-06 0.000821984
10e-6 0.36e-6 0.66 8.97543E-06 0.000897543
10e-6 0.36e-6 0.665 9.78569E-06 0.000978569
10e-6 0.36e-6 0.67 1.06529E-05 0.00106529
10e-6 0.36e-6 0.675 1.15794E-05 0.00115794
10e-6 0.36e-6 0.68 1.25672E-05 0.00125672
10e-6 0.36e-6 0.685 1.36185E-05 0.00136185
10e-6 0.36e-6 0.69 1.47354E-05 0.00147354
10e-6 0.36e-6 0.695 1.59197E-05 0.00159197
10e-6 0.36e-6 0.7 1.71733E-05 0.00171733
10e-6 0.36e-6 0.705 1.84979E-05 0.00184979
10e-6 0.36e-6 0.71 1.98952E-05 0.00198952
10e-6 0.36e-6 0.715 2.13666E-05 0.00213666
10e-6 0.36e-6 0.72 2.29136E-05 0.00229136
10e-6 0.36e-6 0.725 2.45375E-05 0.00245375
10e-6 0.36e-6 0.73 2.62394E-05 0.00262394
10e-6 0.36e-6 0.735 2.80203E-05 0.00280203
10e-6 0.36e-6 0.74 2.98813E-05 0.00298813
10e-6 0.36e-6 0.745 3.18231E-05 0.00318231
10e-6 0.36e-6 0.75 3.38464E-05 0.00338464
10e-6 0.36e-6 0.755 3.59519E-05 0.00359519
10e-6 0.36e-6 0.76 3.81399E-05 0.00381399
10e-6 0.36e-6 0.765 4.0411E-05 0.0040411
10e-6 0.36e-6 0.77 4.27653E-05 0.00427653
10e-6 0.36e-6 0.775 4.5203E-05 0.0045203
10e-6 0.36e-6 0.78 4.77242E-05 0.00477242
10e-6 0.36e-6 0.785 5.03289E-05 0.00503289
10e-6 0.36e-6 0.79 5.3017E-05 0.0053017
10e-6 0.36e-6 0.795 5.57883E-05 0.00557883
10e-6 0.36e-6 0.8 5.86425E-05 0.00586425
10e-6 0.36e-6 0.805 6.15794E-05 0.00615794
10e-6 0.36e-6 0.81 6.45985E-05 0.00645985
10e-6 0.36e-6 0.815 6.76994E-05 0.00676994
10e-6 0.36e-6 0.82 7.08816E-05 0.00708816
10e-6 0.36e-6 0.825 7.41444E-05 0.00741444
10e-6 0.36e-6 0.83 7.74873E-05 0.00774873
10e-6 0.36e-6 0.835 8.09097E-05 0.00809097
10e-6 0.36e-6 0.84 8.44107E-05 0.00844107
10e-6 0.36e-6 0.845 8.79898E-05 0.00879898
10e-6 0.36e-6 0.85 9.1646E-05 0.0091646
10e-6 0.36e-6 0.855 9.53787E-05 0.00953787
10e-6 0.36e-6 0.86 9.91871E-05 0.00991871
10e-6 0.36e-6 0.865 0.00010307 0.010307
10e-6 0.36e-6 0.87 0.000107027 0.0107027
10e-6 0.36e-6 0.875 0.000111057 0.0111057
10e-6 0.36e-6 0.88 0.000115159 0.0115159
10e-6 0.36e-6 0.885 0.000119333 0.0119333
10e-6 0.36e-6 0.89 0.000123577 0.0123577
10e-6 0.36e-6 0.895 0.00012789 0.012789
10e-6 0.36e-6 0.9 0.000132272 0.0132272
10e-6 0.36e-6 0.905 0.000136722 0.0136722
10e-6 0.36e-6 0.91 0.000141238 0.0141238
10e-6 0.36e-6 0.915 0.00014582 0.014582
10e-6 0.36e-6 0.92 0.000150467 0.0150467
10e-6 0.36e-6 0.925 0.000155179 0.0155179
10e-6 0.36e-6 0.93 0.000159953 0.0159953
10e-6 0.36e-6 0.935 0.00016479 0.016479
10e-6 0.36e-6 0.94 0.000169688 0.0169688
10e-6 0.36e-6 0.945 0.000174646 0.0174646
10e-6 0.36e-6 0.95 0.000179664 0.0179664
10e-6 0.36e-6 0.955 0.000184742 0.0184742
10e-6 0.36e-6 0.96 0.000189877 0.0189877
10e-6 0.36e-6 0.965 0.000195069 0.0195069
10e-6 0.36e-6 0.97 0.000200318 0.0200318
10e-6 0.36e-6 0.975 0.000205622 0.0205622
10e-6 0.36e-6 0.98 0.000210981 0.0210981
10e-6 0.36e-6 0.985 0.000216393 0.0216393
10e-6 0.36e-6 0.99 0.000221859 0.0221859
10e-6 0.36e-6 0.995 0.000227378 0.0227378
10e-6 0.36e-6 1 0.000232948 0.0232948
10e-6 0.36e-6 1.005 0.000238569 0.0238569
10e-6 0.36e-6 1.01 0.00024424 0.024424
10e-6 0.36e-6 1.015 0.000249961 0.0249961
10e-6 0.36e-6 1.02 0.00025573 0.025573
10e-6 0.36e-6 1.025 0.000261548 0.0261548
10e-6 0.36e-6 1.03 0.000267413 0.0267413
10e-6 0.36e-6 1.035 0.000273325 0.0273325
10e-6 0.36e-6 1.04 0.000279283 0.0279283
10e-6 0.36e-6 1.045 0.000285286 0.0285286
10e-6 0.36e-6 1.05 0.000291334 0.0291334
10e-6 0.36e-6 1.055 0.000297426 0.0297426
10e-6 0.36e-6 1.06 0.000303562 0.0303562
10e-6 0.36e-6 1.065 0.000309741 0.0309741
10e-6 0.36e-6 1.07 0.000315962 0.0315962
10e-6 0.36e-6 1.075 0.000322225 0.0322225
10e-6 0.36e-6 1.08 0.000328529 0.0328529
10e-6 0.36e-6 1.085 0.000334874 0.0334874
10e-6 0.36e-6 1.09 0.000341259 0.0341259
10e-6 0.36e-6 1.095 0.000347683 0.0347683
10e-6 0.36e-6 1.1 0.000354147 0.0354147
10e-6 0.36e-6 1.105 0.000360649 0.0360649
10e-6 0.36e-6 1.11 0.000367188 0.0367188
10e-6 0.36e-6 1.115 0.000373766 0.0373766
10e-6 0.36e-6 1.12 0.00038038 0.038038
10e-6 0.36e-6 1.125 0.000387031 0.0387031
10e-6 0.36e-6 1.13 0.000393718 0.0393718
10e-6 0.36e-6 1.135 0.00040044 0.040044
10e-6 0.36e-6 1.14 0.000407197 0.0407197
10e-6 0.36e-6 1.145 0.000413989 0.0413989
10e-6 0.36e-6 1.15 0.000420815 0.0420815
10e-6 0.36e-6 1.155 0.000427674 0.0427674
10e-6 0.36e-6 1.16 0.000434567 0.0434567
10e-6 0.36e-6 1.165 0.000441493 0.0441493
10e-6 0.36e-6 1.17 0.000448451 0.0448451
10e-6 0.36e-6 1.175 0.000455441 0.0455441
10e-6 0.36e-6 1.18 0.000462462 0.0462462
10e-6 0.36e-6 1.185 0.000469515 0.0469515
10e-6 0.36e-6 1.19 0.000476598 0.0476598
10e-6 0.36e-6 1.195 0.000483712 0.0483712
10e-6 0.36e-6 1.2 0.000490855 0.0490855
10e-6 0.50e-6 0.35 1.28733E-09 1.28733E-07
10e-6 0.50e-6 0.355 1.47673E-09 1.47673E-07
10e-6 0.50e-6 0.36 1.69387E-09 1.69387E-07
10e-6 0.50e-6 0.365 1.94277E-09 1.94277E-07
10e-6 0.50e-6 0.37 2.22804E-09 2.22804E-07
10e-6 0.50e-6 0.375 2.55493E-09 2.55493E-07
10e-6 0.50e-6 0.38 2.92944E-09 2.92944E-07
10e-6 0.50e-6 0.385 3.35844E-09 3.35844E-07
10e-6 0.50e-6 0.39 3.84975E-09 3.84975E-07
10e-6 0.50e-6 0.395 4.41231E-09 4.41231E-07
10e-6 0.50e-6 0.4 5.05629E-09 5.05629E-07
10e-6 0.50e-6 0.405 5.79329E-09 5.79329E-07
10e-6 0.50e-6 0.41 6.63653E-09 6.63653E-07
10e-6 0.50e-6 0.415 7.60107E-09 7.60107E-07
10e-6 0.50e-6 0.42 8.70401E-09 8.70401E-07
10e-6 0.50e-6 0.425 9.96483E-09 9.96483E-07
10e-6 0.50e-6 0.43 1.14056E-08 1.14056E-06
10e-6 0.50e-6 0.435 1.30515E-08 1.30515E-06
10e-6 0.50e-6 0.44 1.4931E-08 1.4931E-06
10e-6 0.50e-6 0.445 1.70763E-08 1.70763E-06
10e-6 0.50e-6 0.45 1.95241E-08 1.95241E-06
10e-6 0.50e-6 0.455 2.23157E-08 2.23157E-06
10e-6 0.50e-6 0.46 2.54979E-08 2.54979E-06
10e-6 0.50e-6 0.465 2.91235E-08 2.91235E-06
10e-6 0.50e-6 0.47 3.32521E-08 3.32521E-06
10e-6 0.50e-6 0.475 3.79509E-08 3.79509E-06
10e-6 0.50e-6 0.48 4.32955E-08 4.32955E-06
10e-6 0.50e-6 0.485 4.93709E-08 4.93709E-06
10e-6 0.50e-6 0.49 5.62725E-08 5.62725E-06
10e-6 0.50e-6 0.495 6.41073E-08 6.41073E-06
10e-6 0.50e-6 0.5 7.29953E-08 7.29953E-06
10e-6 0.50e-6 0.505 8.30704E-08 8.30704E-06
10e-6 0.50e-6 0.51 9.44823E-08 9.44823E-06
10e-6 0.50e-6 0.515 1.07398E-07 1.07398E-05
10e-6 0.50e-6 0.52 1.22004E-07 1.22004E-05
10e-6 0.50e-6 0.525 1.38506E-07 1.38506E-05
10e-6 0.50e-6 0.53 1.57134E-07 1.57134E-05
10e-6 0.50e-6 0.535 1.78142E-07 1.78142E-05
10e-6 0.50e-6 0.54 2.01813E-07 2.01813E-05
10e-6 0.50e-6 0.545 2.28456E-07 2.28456E-05
10e-6 0.50e-6 0.55 2.58416E-07 2.58416E-05
10e-6 0.50e-6 0.555 2.92069E-07 2.92069E-05
10e-6 0.50e-6 0.56 3.29832E-07 3.29832E-05
10e-6 0.50e-6 0.565 3.7216E-07 3.7216E-05
10e-6 0.50e-6 0.57 4.19553E-07 4.19553E-05
10e-6 0.50e-6 0.575 4.72556E-07 4.72556E-05
10e-6 0.50e-6 0.58 5.31766E-07 5.31766E-05
10e-6 0.50e-6 0.585 5.97832E-07 5.97832E-05
10e-6 0.50e-6 0.59 6.71459E-07 6.71459E-05
10e-6 0.50e-6 0.595 7.53412E-07 7.53412E-05
10e-6 0.50e-6 0.6 8.44518E-07 8.44518E-05
10e-6 0.50e-6 0.605 9.45671E-07 9.45671E-05
10e-6 0.50e-6 0.61 1.05783E-06 0.000105783
10e-6 0.50e-6 0.615 1.18202E-06 0.000118202
10e-6 0.50e-6 0.62 1.31936E-06 0.000131936
10e-6 0.50e-6 0.625 1.471E-06 0.0001471
10e-6 0.50e-6 0.63 1.63821E-06 0.000163821
10e-6 0.50e-6 0.635 1.82229E-06 0.000182229
10e-6 0.50e-6 0.64 2.02464E-06 0.000202464
10e-6 0.50e-6 0.645 2.24672E-06 0.000224672
10e-6 0.50e-6 0.65 2.49004E-06 0.000249004
10e-6 0.50e-6 0.655 2.75619E-06 0.000275619
10e-6 0.50e-6 0.66 3.04682E-06 0.000304682
10e-6 0.50e-6 0.665 3.3636E-06 0.00033636
10e-6 0.50e-6 0.67 3.70828E-06 0.000370828
10e-6 0.50e-6 0.675 4.08261E-06 0.000408261
10e-6 0.50e-6 0.68 4.48838E-06 0.000448838
10e-6 0.50e-6 0.685 4.92741E-06 0.000492741
10e-6 0.50e-6 0.69 5.40152E-06 0.000540152
10e-6 0.50e-6 0.695 5.91252E-06 0.000591252
10e-6 0.50e-6 0.7 6.46223E-06 0.000646223
10e-6 0.50e-6 0.705 7.05243E-06 0.000705243
10e-6 0.50e-6 0.71 7.6849E-06 0.00076849
10e-6 0.50e-6 0.715 8.36135E-06 0.000836135
10e-6 0.50e-6 0.72 9.08349E-06 0.000908349
10e-6 0.50e-6 0.725 9.85294E-06 0.000985294
10e-6 0.50e-6 0.73 1.06713E-05 0.00106713
10e-6 0.50e-6 0.735 1.15401E-05 0.00115401
10e-6 0.50e-6 0.74 1.24608E-05 0.00124608
10e-6 0.50e-6 0.745 1.34347E-05 0.00134347
10e-6 0.50e-6 0.75 1.44632E-05 0.00144632
10e-6 0.50e-6 0.755 1.55476E-05 0.00155476
10e-6 0.50e-6 0.76 1.66889E-05 0.00166889
10e-6 0.50e-6 0.765 1.78882E-05 0.00178882
10e-6 0.50e-6 0.77 1.91466E-05 0.00191466
10e-6 0.50e-6 0.775 2.04649E-05 0.00204649
10e-6 0.50e-6 0.78 2.18441E-05 0.00218441
10e-6 0.50e-6 0.785 2.32847E-05 0.00232847
10e-6 0.50e-6 0.79 2.47875E-05 0.00247875
10e-6 0.50e-6 0.795 2.6353E-05 0.0026353
10e-6 0.50e-6 0.8 2.79819E-05 0.00279819
10e-6 0.50e-6 0.805 2.96744E-05 0.00296744
10e-6 0.50e-6 0.81 3.14309E-05 0.00314309
10e-6 0.50e-6 0.815 3.32517E-05 0.00332517
10e-6 0.50e-6 0.82 3.51371E-05 0.00351371
10e-6 0.50e-6 0.825 3.70871E-05 0.00370871
10e-6 0.50e-6 0.83 3.91019E-05 0.00391019
10e-6 0.50e-6 0.835 4.11814E-05 0.00411814
10e-6 0.50e-6 0.84 4.33256E-05 0.00433256
10e-6 0.50e-6 0.845 4.55344E-05 0.00455344
10e-6 0.50e-6 0.85 4.78077E-05 0.00478077
10e-6 0.50e-6 0.855 5.01452E-05 0.00501452
10e-6 0.50e-6 0.86 5.25468E-05 0.00525468
10e-6 0.50e-6 0.865 5.50122E-05 0.00550122
10e-6 0.50e-6 0.87 5.7541E-05 0.0057541
10e-6 0.50e-6 0.875 6.01329E-05 0.00601329
10e-6 0.50e-6 0.88 6.27874E-05 0.00627874
10e-6 0.50e-6 0.885 6.55043E-05 0.00655043
10e-6 0.50e-6 0.89 6.8283E-05 0.0068283
10e-6 0.50e-6 0.895 7.11231E-05 0.00711231
10e-6 0.50e-6 0.9 7.4024E-05 0.0074024
10e-6 0.50e-6 0.905 7.69854E-05 0.00769854
10e-6 0.50e-6 0.91 8.00066E-05 0.00800066
10e-6 0.50e-6 0.915 8.30872E-05 0.00830872
10e-6 0.50e-6 0.92 8.62265E-05 0.00862265
10e-6 0.50e-6 0.925 8.94241E-05 0.00894241
10e-6 0.50e-6 0.93 9.26793E-05 0.00926793
10e-6 0.50e-6 0.935 9.59916E-05 0.00959916
10e-6 0.50e-6 0.94 9.93604E-05 0.00993604
10e-6 0.50e-6 0.945 0.000102785 0.0102785
10e-6 0.50e-6 0.95 0.000106265 0.0106265
10e-6 0.50e-6 0.955 0.0001098 0.01098
10e-6 0.50e-6 0.96 0.000113389 0.0113389
10e-6 0.50e-6 0.965 0.000117031 0.0117031
10e-6 0.50e-6 0.97 0.000120727 0.0120727
10e-6 0.50e-6 0.975 0.000124475 0.0124475
10e-6 0.50e-6 0.98 0.000128274 0.0128274
10e-6 0.50e-6 0.985 0.000132125 0.0132125
10e-6 0.50e-6 0.99 0.000136027 0.0136027
10e-6 0.50e-6 0.995 0.000139978 0.0139978
10e-6 0.50e-6 1 0.000143979 0.0143979
10e-6 0.50e-6 1.005 0.000148029 0.0148029
10e-6 0.50e-6 1.01 0.000152128 0.0152128
10e-6 0.50e-6 1.015 0.000156274 0.0156274
10e-6 0.50e-6 1.02 0.000160467 0.0160467
10e-6 0.50e-6 1.025 0.000164707 0.0164707
10e-6 0.50e-6 1.03 0.000168993 0.0168993
10e-6 0.50e-6 1.035 0.000173325 0.0173325
10e-6 0.50e-6 1.04 0.000177702 0.0177702
10e-6 0.50e-6 1.045 0.000182123 0.0182123
10e-6 0.50e-6 1.05 0.000186589 0.0186589
10e-6 0.50e-6 1.055 0.000191098 0.0191098
10e-6 0.50e-6 1.06 0.00019565 0.019565
10e-6 0.50e-6 1.065 0.000200245 0.0200245
10e-6 0.50e-6 1.07 0.000204882 0.0204882
10e-6 0.50e-6 1.075 0.00020956 0.020956
10e-6 0.50e-6 1.08 0.00021428 0.021428
10e-6 0.50e-6 1.085 0.00021904 0.021904
10e-6 0.50e-6 1.09 0.00022384 0.022384
10e-6 0.50e-6 1.095 0.00022868 0.022868
10e-6 0.50e-6 1.1 0.000233559 0.0233559
10e-6 0.50e-6 1.105 0.000238478 0.0238478
10e-6 0.50e-6 1.11 0.000243434 0.0243434
10e-6 0.50e-6 1.115 0.000248429 0.0248429
10e-6 0.50e-6 1.12 0.000253461 0.0253461
10e-6 0.50e-6 1.125 0.00025853 0.025853
10e-6 0.50e-6 1.13 0.000263636 0.0263636
10e-6 0.50e-6 1.135 0.000268778 0.0268778
10e-6 0.50e-6 1.14 0.000273956 0.0273956
10e-6 0.50e-6 1.145 0.00027917 0.027917
10e-6 0.50e-6 1.15 0.000284418 0.0284418
10e-6 0.50e-6 1.155 0.000289702 0.0289702
10e-6 0.50e-6 1.16 0.000295019 0.0295019
10e-6 0.50e-6 1.165 0.000300371 0.0300371
10e-6 0.50e-6 1.17 0.000305756 0.0305756
10e-6 0.50e-6 1.175 0.000311175 0.0311175
10e-6 0.50e-6 1.18 0.000316626 0.0316626
10e-6 0.50e-6 1.185 0.00032211 0.032211
10e-6 0.50e-6 1.19 0.000327626 0.0327626
10e-6 0.50e-6 1.195 0.000333174 0.0333174
10e-6 0.50e-6 1.2 0.000338753 0.0338753
