W_m L_m VSG ID_A JD_mA_per_um
0.22e-6 0.28e-6 0.35 4.98425E-11 2.26557E-07
0.22e-6 0.28e-6 0.355 5.66226E-11 2.57375E-07
0.22e-6 0.28e-6 0.36 6.43486E-11 2.92494E-07
0.22e-6 0.28e-6 0.365 7.31504E-11 3.32502E-07
0.22e-6 0.28e-6 0.37 8.31748E-11 3.78067E-07
0.22e-6 0.28e-6 0.375 9.45885E-11 4.29948E-07
0.22e-6 0.28e-6 0.38 1.0758E-10 4.88999E-07
0.22e-6 0.28e-6 0.385 1.22362E-10 5.5619E-07
0.22e-6 0.28e-6 0.39 1.39176E-10 6.32617E-07
0.22e-6 0.28e-6 0.395 1.58294E-10 7.19517E-07
0.22e-6 0.28e-6 0.4 1.80023E-10 8.18289E-07
0.22e-6 0.28e-6 0.405 2.04711E-10 9.30506E-07
0.22e-6 0.28e-6 0.41 2.32748E-10 1.05795E-06
0.22e-6 0.28e-6 0.415 2.64575E-10 1.20261E-06
0.22e-6 0.28e-6 0.42 3.00686E-10 1.36675E-06
0.22e-6 0.28e-6 0.425 3.41638E-10 1.5529E-06
0.22e-6 0.28e-6 0.43 3.88056E-10 1.76389E-06
0.22e-6 0.28e-6 0.435 4.40643E-10 2.00292E-06
0.22e-6 0.28e-6 0.44 5.00185E-10 2.27357E-06
0.22e-6 0.28e-6 0.445 5.67563E-10 2.57983E-06
0.22e-6 0.28e-6 0.45 6.43763E-10 2.92619E-06
0.22e-6 0.28e-6 0.455 7.29887E-10 3.31767E-06
0.22e-6 0.28e-6 0.46 8.27166E-10 3.75985E-06
0.22e-6 0.28e-6 0.465 9.36973E-10 4.25897E-06
0.22e-6 0.28e-6 0.47 1.06084E-09 4.82199E-06
0.22e-6 0.28e-6 0.475 1.20046E-09 5.45665E-06
0.22e-6 0.28e-6 0.48 1.35775E-09 6.17157E-06
0.22e-6 0.28e-6 0.485 1.53479E-09 6.97632E-06
0.22e-6 0.28e-6 0.49 1.73393E-09 7.88152E-06
0.22e-6 0.28e-6 0.495 1.95777E-09 8.89896E-06
0.22e-6 0.28e-6 0.5 2.20918E-09 1.00417E-05
0.22e-6 0.28e-6 0.505 2.49133E-09 1.13242E-05
0.22e-6 0.28e-6 0.51 2.80775E-09 1.27625E-05
0.22e-6 0.28e-6 0.515 3.16233E-09 1.43742E-05
0.22e-6 0.28e-6 0.52 3.55936E-09 1.61789E-05
0.22e-6 0.28e-6 0.525 4.00358E-09 1.81981E-05
0.22e-6 0.28e-6 0.53 4.5002E-09 2.04555E-05
0.22e-6 0.28e-6 0.535 5.05499E-09 2.29772E-05
0.22e-6 0.28e-6 0.54 5.67424E-09 2.5792E-05
0.22e-6 0.28e-6 0.545 6.36491E-09 2.89314E-05
0.22e-6 0.28e-6 0.55 7.1346E-09 3.243E-05
0.22e-6 0.28e-6 0.555 7.99165E-09 3.63257E-05
0.22e-6 0.28e-6 0.56 8.94515E-09 4.06598E-05
0.22e-6 0.28e-6 0.565 1.0005E-08 4.54775E-05
0.22e-6 0.28e-6 0.57 1.11822E-08 5.0828E-05
0.22e-6 0.28e-6 0.575 1.24882E-08 5.67646E-05
0.22e-6 0.28e-6 0.58 1.3936E-08 6.33453E-05
0.22e-6 0.28e-6 0.585 1.55391E-08 7.06323E-05
0.22e-6 0.28e-6 0.59 1.73125E-08 7.8693E-05
0.22e-6 0.28e-6 0.595 1.92719E-08 8.75995E-05
0.22e-6 0.28e-6 0.6 2.14343E-08 9.74288E-05
0.22e-6 0.28e-6 0.605 2.38179E-08 0.000108263
0.22e-6 0.28e-6 0.61 2.64417E-08 0.00012019
0.22e-6 0.28e-6 0.615 2.9326E-08 0.0001333
0.22e-6 0.28e-6 0.62 3.2492E-08 0.000147691
0.22e-6 0.28e-6 0.625 3.5962E-08 0.000163464
0.22e-6 0.28e-6 0.63 3.97591E-08 0.000180723
0.22e-6 0.28e-6 0.635 4.39072E-08 0.000199578
0.22e-6 0.28e-6 0.64 4.84311E-08 0.000220141
0.22e-6 0.28e-6 0.645 5.33559E-08 0.000242527
0.22e-6 0.28e-6 0.65 5.87075E-08 0.000266852
0.22e-6 0.28e-6 0.655 6.4512E-08 0.000293236
0.22e-6 0.28e-6 0.66 7.07955E-08 0.000321798
0.22e-6 0.28e-6 0.665 7.75844E-08 0.000352656
0.22e-6 0.28e-6 0.67 8.49049E-08 0.000385931
0.22e-6 0.28e-6 0.675 9.27828E-08 0.00042174
0.22e-6 0.28e-6 0.68 1.01244E-07 0.000460198
0.22e-6 0.28e-6 0.685 1.10312E-07 0.000501419
0.22e-6 0.28e-6 0.69 1.20013E-07 0.000545512
0.22e-6 0.28e-6 0.695 1.30368E-07 0.000592583
0.22e-6 0.28e-6 0.7 1.41401E-07 0.000642733
0.22e-6 0.28e-6 0.705 1.53133E-07 0.000696059
0.22e-6 0.28e-6 0.71 1.65583E-07 0.000752652
0.22e-6 0.28e-6 0.715 1.78771E-07 0.000812596
0.22e-6 0.28e-6 0.72 1.92714E-07 0.000875971
0.22e-6 0.28e-6 0.725 2.07427E-07 0.000942851
0.22e-6 0.28e-6 0.73 2.22926E-07 0.0010133
0.22e-6 0.28e-6 0.735 2.39224E-07 0.00108738
0.22e-6 0.28e-6 0.74 2.56332E-07 0.00116514
0.22e-6 0.28e-6 0.745 2.74261E-07 0.00124664
0.22e-6 0.28e-6 0.75 2.9302E-07 0.00133191
0.22e-6 0.28e-6 0.755 3.12616E-07 0.00142098
0.22e-6 0.28e-6 0.76 3.33056E-07 0.00151389
0.22e-6 0.28e-6 0.765 3.54345E-07 0.00161066
0.22e-6 0.28e-6 0.77 3.76488E-07 0.00171131
0.22e-6 0.28e-6 0.775 3.99485E-07 0.00181584
0.22e-6 0.28e-6 0.78 4.2334E-07 0.00192427
0.22e-6 0.28e-6 0.785 4.48054E-07 0.00203661
0.22e-6 0.28e-6 0.79 4.73625E-07 0.00215284
0.22e-6 0.28e-6 0.795 5.00052E-07 0.00227297
0.22e-6 0.28e-6 0.8 5.27335E-07 0.00239698
0.22e-6 0.28e-6 0.805 5.55471E-07 0.00252487
0.22e-6 0.28e-6 0.81 5.84455E-07 0.00265661
0.22e-6 0.28e-6 0.815 6.14285E-07 0.00279221
0.22e-6 0.28e-6 0.82 6.44957E-07 0.00293162
0.22e-6 0.28e-6 0.825 6.76465E-07 0.00307484
0.22e-6 0.28e-6 0.83 7.08806E-07 0.00322184
0.22e-6 0.28e-6 0.835 7.41972E-07 0.0033726
0.22e-6 0.28e-6 0.84 7.7596E-07 0.00352709
0.22e-6 0.28e-6 0.845 8.10763E-07 0.00368529
0.22e-6 0.28e-6 0.85 8.46375E-07 0.00384716
0.22e-6 0.28e-6 0.855 8.82789E-07 0.00401268
0.22e-6 0.28e-6 0.86 9.19997E-07 0.00418181
0.22e-6 0.28e-6 0.865 9.57993E-07 0.00435451
0.22e-6 0.28e-6 0.87 9.96768E-07 0.00453076
0.22e-6 0.28e-6 0.875 1.03632E-06 0.00471053
0.22e-6 0.28e-6 0.88 1.07663E-06 0.00489379
0.22e-6 0.28e-6 0.885 1.11771E-06 0.0050805
0.22e-6 0.28e-6 0.89 1.15954E-06 0.00527064
0.22e-6 0.28e-6 0.895 1.20212E-06 0.00546418
0.22e-6 0.28e-6 0.9 1.24544E-06 0.00566109
0.22e-6 0.28e-6 0.905 1.28949E-06 0.00586133
0.22e-6 0.28e-6 0.91 1.33428E-06 0.0060649
0.22e-6 0.28e-6 0.915 1.37978E-06 0.00627174
0.22e-6 0.28e-6 0.92 1.42601E-06 0.00648185
0.22e-6 0.28e-6 0.925 1.47294E-06 0.00669518
0.22e-6 0.28e-6 0.93 1.52058E-06 0.00691173
0.22e-6 0.28e-6 0.935 1.56892E-06 0.00713145
0.22e-6 0.28e-6 0.94 1.61795E-06 0.00735432
0.22e-6 0.28e-6 0.945 1.66767E-06 0.00758033
0.22e-6 0.28e-6 0.95 1.71808E-06 0.00780944
0.22e-6 0.28e-6 0.955 1.76916E-06 0.00804163
0.22e-6 0.28e-6 0.96 1.82091E-06 0.00827688
0.22e-6 0.28e-6 0.965 1.87334E-06 0.00851516
0.22e-6 0.28e-6 0.97 1.92642E-06 0.00875646
0.22e-6 0.28e-6 0.975 1.98016E-06 0.00900075
0.22e-6 0.28e-6 0.98 2.03456E-06 0.00924801
0.22e-6 0.28e-6 0.985 2.08961E-06 0.00949822
0.22e-6 0.28e-6 0.99 2.1453E-06 0.00975136
0.22e-6 0.28e-6 0.995 2.20163E-06 0.0100074
0.22e-6 0.28e-6 1 2.2586E-06 0.0102663
0.22e-6 0.28e-6 1.005 2.31619E-06 0.0105281
0.22e-6 0.28e-6 1.01 2.37442E-06 0.0107928
0.22e-6 0.28e-6 1.015 2.43326E-06 0.0110603
0.22e-6 0.28e-6 1.02 2.49273E-06 0.0113306
0.22e-6 0.28e-6 1.025 2.55281E-06 0.0116037
0.22e-6 0.28e-6 1.03 2.6135E-06 0.0118796
0.22e-6 0.28e-6 1.035 2.6748E-06 0.0121582
0.22e-6 0.28e-6 1.04 2.73671E-06 0.0124396
0.22e-6 0.28e-6 1.045 2.79921E-06 0.0127237
0.22e-6 0.28e-6 1.05 2.86231E-06 0.0130105
0.22e-6 0.28e-6 1.055 2.926E-06 0.0133
0.22e-6 0.28e-6 1.06 2.99028E-06 0.0135922
0.22e-6 0.28e-6 1.065 3.05514E-06 0.013887
0.22e-6 0.28e-6 1.07 3.12059E-06 0.0141845
0.22e-6 0.28e-6 1.075 3.18662E-06 0.0144846
0.22e-6 0.28e-6 1.08 3.25322E-06 0.0147874
0.22e-6 0.28e-6 1.085 3.32039E-06 0.0150927
0.22e-6 0.28e-6 1.09 3.38813E-06 0.0154006
0.22e-6 0.28e-6 1.095 3.45644E-06 0.0157111
0.22e-6 0.28e-6 1.1 3.5253E-06 0.0160241
0.22e-6 0.28e-6 1.105 3.59473E-06 0.0163397
0.22e-6 0.28e-6 1.11 3.66471E-06 0.0166578
0.22e-6 0.28e-6 1.115 3.73524E-06 0.0169784
0.22e-6 0.28e-6 1.12 3.80633E-06 0.0173015
0.22e-6 0.28e-6 1.125 3.87796E-06 0.0176271
0.22e-6 0.28e-6 1.13 3.95013E-06 0.0179551
0.22e-6 0.28e-6 1.135 4.02284E-06 0.0182856
0.22e-6 0.28e-6 1.14 4.09609E-06 0.0186186
0.22e-6 0.28e-6 1.145 4.16987E-06 0.018954
0.22e-6 0.28e-6 1.15 4.24418E-06 0.0192917
0.22e-6 0.28e-6 1.155 4.31902E-06 0.0196319
0.22e-6 0.28e-6 1.16 4.39439E-06 0.0199745
0.22e-6 0.28e-6 1.165 4.47028E-06 0.0203194
0.22e-6 0.28e-6 1.17 4.54669E-06 0.0206668
0.22e-6 0.28e-6 1.175 4.62361E-06 0.0210164
0.22e-6 0.28e-6 1.18 4.70105E-06 0.0213684
0.22e-6 0.28e-6 1.185 4.77899E-06 0.0217227
0.22e-6 0.28e-6 1.19 4.85745E-06 0.0220793
0.22e-6 0.28e-6 1.195 4.93641E-06 0.0224382
0.22e-6 0.28e-6 1.2 5.01587E-06 0.0227994
0.22e-6 0.36e-6 0.35 9.69283E-12 4.40583E-08
0.22e-6 0.36e-6 0.355 1.08222E-11 4.91919E-08
0.22e-6 0.36e-6 0.36 1.21122E-11 5.50553E-08
0.22e-6 0.36e-6 0.365 1.35854E-11 6.1752E-08
0.22e-6 0.36e-6 0.37 1.52678E-11 6.93989E-08
0.22e-6 0.36e-6 0.375 1.71886E-11 7.813E-08
0.22e-6 0.36e-6 0.38 1.93812E-11 8.80966E-08
0.22e-6 0.36e-6 0.385 2.18839E-11 9.94722E-08
0.22e-6 0.36e-6 0.39 2.47396E-11 1.12453E-07
0.22e-6 0.36e-6 0.395 2.79977E-11 1.27262E-07
0.22e-6 0.36e-6 0.4 3.1714E-11 1.44155E-07
0.22e-6 0.36e-6 0.405 3.59521E-11 1.63419E-07
0.22e-6 0.36e-6 0.41 4.07839E-11 1.85381E-07
0.22e-6 0.36e-6 0.415 4.62912E-11 2.10415E-07
0.22e-6 0.36e-6 0.42 5.25668E-11 2.3894E-07
0.22e-6 0.36e-6 0.425 5.97157E-11 2.71435E-07
0.22e-6 0.36e-6 0.43 6.7857E-11 3.08441E-07
0.22e-6 0.36e-6 0.435 7.71253E-11 3.5057E-07
0.22e-6 0.36e-6 0.44 8.76732E-11 3.98515E-07
0.22e-6 0.36e-6 0.445 9.9673E-11 4.53059E-07
0.22e-6 0.36e-6 0.45 1.13319E-10 5.15087E-07
0.22e-6 0.36e-6 0.455 1.28832E-10 5.85599E-07
0.22e-6 0.36e-6 0.46 1.46458E-10 6.6572E-07
0.22e-6 0.36e-6 0.465 1.66478E-10 7.5672E-07
0.22e-6 0.36e-6 0.47 1.89206E-10 8.60028E-07
0.22e-6 0.36e-6 0.475 2.14995E-10 9.77252E-07
0.22e-6 0.36e-6 0.48 2.44244E-10 1.1102E-06
0.22e-6 0.36e-6 0.485 2.77399E-10 1.2609E-06
0.22e-6 0.36e-6 0.49 3.14961E-10 1.43164E-06
0.22e-6 0.36e-6 0.495 3.57492E-10 1.62496E-06
0.22e-6 0.36e-6 0.5 4.05621E-10 1.84373E-06
0.22e-6 0.36e-6 0.505 4.60051E-10 2.09114E-06
0.22e-6 0.36e-6 0.51 5.2157E-10 2.37077E-06
0.22e-6 0.36e-6 0.515 5.91056E-10 2.68662E-06
0.22e-6 0.36e-6 0.52 6.69489E-10 3.04313E-06
0.22e-6 0.36e-6 0.525 7.57962E-10 3.44528E-06
0.22e-6 0.36e-6 0.53 8.5769E-10 3.89859E-06
0.22e-6 0.36e-6 0.535 9.70028E-10 4.40922E-06
0.22e-6 0.36e-6 0.54 1.09648E-09 4.98399E-06
0.22e-6 0.36e-6 0.545 1.23871E-09 5.63051E-06
0.22e-6 0.36e-6 0.55 1.39858E-09 6.3572E-06
0.22e-6 0.36e-6 0.555 1.57815E-09 7.17341E-06
0.22e-6 0.36e-6 0.56 1.77968E-09 8.08947E-06
0.22e-6 0.36e-6 0.565 2.00571E-09 9.11686E-06
0.22e-6 0.36e-6 0.57 2.25901E-09 1.02682E-05
0.22e-6 0.36e-6 0.575 2.54267E-09 1.15576E-05
0.22e-6 0.36e-6 0.58 2.86008E-09 1.30004E-05
0.22e-6 0.36e-6 0.585 3.215E-09 1.46136E-05
0.22e-6 0.36e-6 0.59 3.61156E-09 1.64162E-05
0.22e-6 0.36e-6 0.595 4.05431E-09 1.84287E-05
0.22e-6 0.36e-6 0.6 4.54823E-09 2.06738E-05
0.22e-6 0.36e-6 0.605 5.09882E-09 2.31765E-05
0.22e-6 0.36e-6 0.61 5.71209E-09 2.5964E-05
0.22e-6 0.36e-6 0.615 6.3946E-09 2.90664E-05
0.22e-6 0.36e-6 0.62 7.15353E-09 3.2516E-05
0.22e-6 0.36e-6 0.625 7.99668E-09 3.63485E-05
0.22e-6 0.36e-6 0.63 8.93254E-09 4.06025E-05
0.22e-6 0.36e-6 0.635 9.9703E-09 4.53195E-05
0.22e-6 0.36e-6 0.64 1.11199E-08 5.05449E-05
0.22e-6 0.36e-6 0.645 1.23919E-08 5.6327E-05
0.22e-6 0.36e-6 0.65 1.3798E-08 6.2718E-05
0.22e-6 0.36e-6 0.655 1.53502E-08 6.97734E-05
0.22e-6 0.36e-6 0.66 1.70615E-08 7.75525E-05
0.22e-6 0.36e-6 0.665 1.89459E-08 8.61179E-05
0.22e-6 0.36e-6 0.67 2.10179E-08 9.55358E-05
0.22e-6 0.36e-6 0.675 2.32927E-08 0.000105876
0.22e-6 0.36e-6 0.68 2.57862E-08 0.00011721
0.22e-6 0.36e-6 0.685 2.85152E-08 0.000129615
0.22e-6 0.36e-6 0.69 3.14967E-08 0.000143167
0.22e-6 0.36e-6 0.695 3.47486E-08 0.000157948
0.22e-6 0.36e-6 0.7 3.82887E-08 0.00017404
0.22e-6 0.36e-6 0.705 4.21356E-08 0.000191526
0.22e-6 0.36e-6 0.71 4.6308E-08 0.000210491
0.22e-6 0.36e-6 0.715 5.08245E-08 0.000231021
0.22e-6 0.36e-6 0.72 5.57041E-08 0.0002532
0.22e-6 0.36e-6 0.725 6.09653E-08 0.000277115
0.22e-6 0.36e-6 0.73 6.66268E-08 0.000302849
0.22e-6 0.36e-6 0.735 7.27067E-08 0.000330485
0.22e-6 0.36e-6 0.74 7.92229E-08 0.000360104
0.22e-6 0.36e-6 0.745 8.61927E-08 0.000391785
0.22e-6 0.36e-6 0.75 9.36327E-08 0.000425603
0.22e-6 0.36e-6 0.755 1.01559E-07 0.000461633
0.22e-6 0.36e-6 0.76 1.09987E-07 0.000499942
0.22e-6 0.36e-6 0.765 1.18932E-07 0.000540598
0.22e-6 0.36e-6 0.77 1.28406E-07 0.000583662
0.22e-6 0.36e-6 0.775 1.38422E-07 0.000629193
0.22e-6 0.36e-6 0.78 1.48994E-07 0.000677244
0.22e-6 0.36e-6 0.785 1.6013E-07 0.000727864
0.22e-6 0.36e-6 0.79 1.71842E-07 0.000781099
0.22e-6 0.36e-6 0.795 1.84138E-07 0.000836989
0.22e-6 0.36e-6 0.8 1.97026E-07 0.000895571
0.22e-6 0.36e-6 0.805 2.10513E-07 0.000956876
0.22e-6 0.36e-6 0.81 2.24605E-07 0.00102093
0.22e-6 0.36e-6 0.815 2.39308E-07 0.00108776
0.22e-6 0.36e-6 0.82 2.54626E-07 0.00115739
0.22e-6 0.36e-6 0.825 2.70562E-07 0.00122983
0.22e-6 0.36e-6 0.83 2.8712E-07 0.00130509
0.22e-6 0.36e-6 0.835 3.04301E-07 0.00138319
0.22e-6 0.36e-6 0.84 3.22107E-07 0.00146412
0.22e-6 0.36e-6 0.845 3.40538E-07 0.0015479
0.22e-6 0.36e-6 0.85 3.59595E-07 0.00163452
0.22e-6 0.36e-6 0.855 3.79277E-07 0.00172399
0.22e-6 0.36e-6 0.86 3.99582E-07 0.00181628
0.22e-6 0.36e-6 0.865 4.20507E-07 0.0019114
0.22e-6 0.36e-6 0.87 4.42052E-07 0.00200933
0.22e-6 0.36e-6 0.875 4.64214E-07 0.00211006
0.22e-6 0.36e-6 0.88 4.8699E-07 0.00221359
0.22e-6 0.36e-6 0.885 5.10378E-07 0.0023199
0.22e-6 0.36e-6 0.89 5.34374E-07 0.00242897
0.22e-6 0.36e-6 0.895 5.58975E-07 0.0025408
0.22e-6 0.36e-6 0.9 5.84179E-07 0.00265536
0.22e-6 0.36e-6 0.905 6.0998E-07 0.00277264
0.22e-6 0.36e-6 0.91 6.36377E-07 0.00289262
0.22e-6 0.36e-6 0.915 6.63364E-07 0.00301529
0.22e-6 0.36e-6 0.92 6.90938E-07 0.00314063
0.22e-6 0.36e-6 0.925 7.19096E-07 0.00326862
0.22e-6 0.36e-6 0.93 7.47833E-07 0.00339924
0.22e-6 0.36e-6 0.935 7.77146E-07 0.00353248
0.22e-6 0.36e-6 0.94 8.0703E-07 0.00366832
0.22e-6 0.36e-6 0.945 8.37482E-07 0.00380674
0.22e-6 0.36e-6 0.95 8.68498E-07 0.00394772
0.22e-6 0.36e-6 0.955 9.00074E-07 0.00409125
0.22e-6 0.36e-6 0.96 9.32206E-07 0.0042373
0.22e-6 0.36e-6 0.965 9.64891E-07 0.00438587
0.22e-6 0.36e-6 0.97 9.98125E-07 0.00453693
0.22e-6 0.36e-6 0.975 1.0319E-06 0.00469047
0.22e-6 0.36e-6 0.98 1.06623E-06 0.00484648
0.22e-6 0.36e-6 0.985 1.10108E-06 0.00500493
0.22e-6 0.36e-6 0.99 1.13648E-06 0.00516581
0.22e-6 0.36e-6 0.995 1.1724E-06 0.00532911
0.22e-6 0.36e-6 1 1.20886E-06 0.00549481
0.22e-6 0.36e-6 1.005 1.24584E-06 0.00566289
0.22e-6 0.36e-6 1.01 1.28334E-06 0.00583335
0.22e-6 0.36e-6 1.015 1.32136E-06 0.00600616
0.22e-6 0.36e-6 1.02 1.35989E-06 0.00618132
0.22e-6 0.36e-6 1.025 1.39894E-06 0.00635881
0.22e-6 0.36e-6 1.03 1.4385E-06 0.00653861
0.22e-6 0.36e-6 1.035 1.47856E-06 0.00672072
0.22e-6 0.36e-6 1.04 1.51913E-06 0.00690512
0.22e-6 0.36e-6 1.045 1.5602E-06 0.0070918
0.22e-6 0.36e-6 1.05 1.60176E-06 0.00728074
0.22e-6 0.36e-6 1.055 1.64383E-06 0.00747194
0.22e-6 0.36e-6 1.06 1.68638E-06 0.00766538
0.22e-6 0.36e-6 1.065 1.72943E-06 0.00786106
0.22e-6 0.36e-6 1.07 1.77297E-06 0.00805895
0.22e-6 0.36e-6 1.075 1.81699E-06 0.00825905
0.22e-6 0.36e-6 1.08 1.8615E-06 0.00846134
0.22e-6 0.36e-6 1.085 1.90648E-06 0.00866582
0.22e-6 0.36e-6 1.09 1.95195E-06 0.00887248
0.22e-6 0.36e-6 1.095 1.99789E-06 0.0090813
0.22e-6 0.36e-6 1.1 2.0443E-06 0.00929228
0.22e-6 0.36e-6 1.105 2.09119E-06 0.0095054
0.22e-6 0.36e-6 1.11 2.13854E-06 0.00972066
0.22e-6 0.36e-6 1.115 2.18637E-06 0.00993804
0.22e-6 0.36e-6 1.12 2.23466E-06 0.0101575
0.22e-6 0.36e-6 1.125 2.28341E-06 0.0103791
0.22e-6 0.36e-6 1.13 2.33262E-06 0.0106028
0.22e-6 0.36e-6 1.135 2.38229E-06 0.0108286
0.22e-6 0.36e-6 1.14 2.43242E-06 0.0110565
0.22e-6 0.36e-6 1.145 2.48301E-06 0.0112864
0.22e-6 0.36e-6 1.15 2.53404E-06 0.0115184
0.22e-6 0.36e-6 1.155 2.58553E-06 0.0117524
0.22e-6 0.36e-6 1.16 2.63746E-06 0.0119885
0.22e-6 0.36e-6 1.165 2.68984E-06 0.0122266
0.22e-6 0.36e-6 1.17 2.74267E-06 0.0124667
0.22e-6 0.36e-6 1.175 2.79594E-06 0.0127088
0.22e-6 0.36e-6 1.18 2.84965E-06 0.012953
0.22e-6 0.36e-6 1.185 2.9038E-06 0.0131991
0.22e-6 0.36e-6 1.19 2.95839E-06 0.0134472
0.22e-6 0.36e-6 1.195 3.01341E-06 0.0136973
0.22e-6 0.36e-6 1.2 3.06886E-06 0.0139494
0.22e-6 0.50e-6 0.35 4.14864E-12 1.88574E-08
0.22e-6 0.50e-6 0.355 4.48645E-12 2.03929E-08
0.22e-6 0.50e-6 0.36 4.87274E-12 2.21488E-08
0.22e-6 0.50e-6 0.365 5.31432E-12 2.4156E-08
0.22e-6 0.50e-6 0.37 5.81909E-12 2.64504E-08
0.22e-6 0.50e-6 0.375 6.39594E-12 2.90725E-08
0.22e-6 0.50e-6 0.38 7.05525E-12 3.20693E-08
0.22e-6 0.50e-6 0.385 7.80861E-12 3.54937E-08
0.22e-6 0.50e-6 0.39 8.66918E-12 3.94054E-08
0.22e-6 0.50e-6 0.395 9.65236E-12 4.38744E-08
0.22e-6 0.50e-6 0.4 1.07753E-11 4.89785E-08
0.22e-6 0.50e-6 0.405 1.20575E-11 5.4807E-08
0.22e-6 0.50e-6 0.41 1.35216E-11 6.14618E-08
0.22e-6 0.50e-6 0.415 1.51929E-11 6.90587E-08
0.22e-6 0.50e-6 0.42 1.71004E-11 7.77289E-08
0.22e-6 0.50e-6 0.425 1.92769E-11 8.76223E-08
0.22e-6 0.50e-6 0.43 2.17599E-11 9.89088E-08
0.22e-6 0.50e-6 0.435 2.4592E-11 1.11782E-07
0.22e-6 0.50e-6 0.44 2.78212E-11 1.2646E-07
0.22e-6 0.50e-6 0.445 3.15023E-11 1.43192E-07
0.22e-6 0.50e-6 0.45 3.56974E-11 1.62261E-07
0.22e-6 0.50e-6 0.455 4.04768E-11 1.83985E-07
0.22e-6 0.50e-6 0.46 4.592E-11 2.08727E-07
0.22e-6 0.50e-6 0.465 5.21175E-11 2.36898E-07
0.22e-6 0.50e-6 0.47 5.9171E-11 2.68959E-07
0.22e-6 0.50e-6 0.475 6.71958E-11 3.05435E-07
0.22e-6 0.50e-6 0.48 7.63221E-11 3.46919E-07
0.22e-6 0.50e-6 0.485 8.66967E-11 3.94076E-07
0.22e-6 0.50e-6 0.49 9.84853E-11 4.47661E-07
0.22e-6 0.50e-6 0.495 1.11875E-10 5.08521E-07
0.22e-6 0.50e-6 0.5 1.27075E-10 5.77612E-07
0.22e-6 0.50e-6 0.505 1.44322E-10 6.56009E-07
0.22e-6 0.50e-6 0.51 1.63882E-10 7.44917E-07
0.22e-6 0.50e-6 0.515 1.86052E-10 8.45692E-07
0.22e-6 0.50e-6 0.52 2.11168E-10 9.59854E-07
0.22e-6 0.50e-6 0.525 2.39603E-10 1.08911E-06
0.22e-6 0.50e-6 0.53 2.71778E-10 1.23536E-06
0.22e-6 0.50e-6 0.535 3.08162E-10 1.40074E-06
0.22e-6 0.50e-6 0.54 3.49278E-10 1.58763E-06
0.22e-6 0.50e-6 0.545 3.95712E-10 1.79869E-06
0.22e-6 0.50e-6 0.55 4.48117E-10 2.0369E-06
0.22e-6 0.50e-6 0.555 5.0722E-10 2.30554E-06
0.22e-6 0.50e-6 0.56 5.7383E-10 2.60832E-06
0.22e-6 0.50e-6 0.565 6.48847E-10 2.94931E-06
0.22e-6 0.50e-6 0.57 7.33273E-10 3.33306E-06
0.22e-6 0.50e-6 0.575 8.28217E-10 3.76462E-06
0.22e-6 0.50e-6 0.58 9.34913E-10 4.2496E-06
0.22e-6 0.50e-6 0.585 1.05473E-09 4.79421E-06
0.22e-6 0.50e-6 0.59 1.18917E-09 5.40531E-06
0.22e-6 0.50e-6 0.595 1.33992E-09 6.09053E-06
0.22e-6 0.50e-6 0.6 1.50882E-09 6.85827E-06
0.22e-6 0.50e-6 0.605 1.69792E-09 7.71783E-06
0.22e-6 0.50e-6 0.61 1.90948E-09 8.67948E-06
0.22e-6 0.50e-6 0.615 2.146E-09 9.75453E-06
0.22e-6 0.50e-6 0.62 2.4102E-09 1.09554E-05
0.22e-6 0.50e-6 0.625 2.70511E-09 1.22959E-05
0.22e-6 0.50e-6 0.63 3.03404E-09 1.37911E-05
0.22e-6 0.50e-6 0.635 3.40063E-09 1.54574E-05
0.22e-6 0.50e-6 0.64 3.80887E-09 1.7313E-05
0.22e-6 0.50e-6 0.645 4.2631E-09 1.93777E-05
0.22e-6 0.50e-6 0.65 4.76808E-09 2.16731E-05
0.22e-6 0.50e-6 0.655 5.32898E-09 2.42226E-05
0.22e-6 0.50e-6 0.66 5.9514E-09 2.70518E-05
0.22e-6 0.50e-6 0.665 6.64142E-09 3.01883E-05
0.22e-6 0.50e-6 0.67 7.4056E-09 3.36618E-05
0.22e-6 0.50e-6 0.675 8.25097E-09 3.75044E-05
0.22e-6 0.50e-6 0.68 9.1851E-09 4.17505E-05
0.22e-6 0.50e-6 0.685 1.0216E-08 4.64365E-05
0.22e-6 0.50e-6 0.69 1.13524E-08 5.16016E-05
0.22e-6 0.50e-6 0.695 1.26031E-08 5.7287E-05
0.22e-6 0.50e-6 0.7 1.39779E-08 6.3536E-05
0.22e-6 0.50e-6 0.705 1.54868E-08 7.03944E-05
0.22e-6 0.50e-6 0.71 1.71401E-08 7.79097E-05
0.22e-6 0.50e-6 0.715 1.89489E-08 8.61314E-05
0.22e-6 0.50e-6 0.72 2.09244E-08 9.51107E-05
0.22e-6 0.50e-6 0.725 2.30781E-08 0.0001049
0.22e-6 0.50e-6 0.73 2.54218E-08 0.000115554
0.22e-6 0.50e-6 0.735 2.79678E-08 0.000127126
0.22e-6 0.50e-6 0.74 3.07281E-08 0.000139673
0.22e-6 0.50e-6 0.745 3.37151E-08 0.00015325
0.22e-6 0.50e-6 0.75 3.6941E-08 0.000167914
0.22e-6 0.50e-6 0.755 4.04182E-08 0.000183719
0.22e-6 0.50e-6 0.76 4.41588E-08 0.000200722
0.22e-6 0.50e-6 0.765 4.81749E-08 0.000218977
0.22e-6 0.50e-6 0.77 5.2478E-08 0.000238536
0.22e-6 0.50e-6 0.775 5.70796E-08 0.000259453
0.22e-6 0.50e-6 0.78 6.19909E-08 0.000281777
0.22e-6 0.50e-6 0.785 6.72224E-08 0.000305556
0.22e-6 0.50e-6 0.79 7.27844E-08 0.000330838
0.22e-6 0.50e-6 0.795 7.86865E-08 0.000357666
0.22e-6 0.50e-6 0.8 8.49379E-08 0.000386082
0.22e-6 0.50e-6 0.805 9.15473E-08 0.000416124
0.22e-6 0.50e-6 0.81 9.85226E-08 0.00044783
0.22e-6 0.50e-6 0.815 1.05871E-07 0.000481233
0.22e-6 0.50e-6 0.82 1.136E-07 0.000516364
0.22e-6 0.50e-6 0.825 1.21716E-07 0.000553253
0.22e-6 0.50e-6 0.83 1.30223E-07 0.000591923
0.22e-6 0.50e-6 0.835 1.39128E-07 0.000632399
0.22e-6 0.50e-6 0.84 1.48434E-07 0.0006747
0.22e-6 0.50e-6 0.845 1.58146E-07 0.000718844
0.22e-6 0.50e-6 0.85 1.68266E-07 0.000764847
0.22e-6 0.50e-6 0.855 1.78799E-07 0.000812722
0.22e-6 0.50e-6 0.86 1.89745E-07 0.000862475
0.22e-6 0.50e-6 0.865 2.01105E-07 0.000914114
0.22e-6 0.50e-6 0.87 2.12882E-07 0.000967645
0.22e-6 0.50e-6 0.875 2.25076E-07 0.00102307
0.22e-6 0.50e-6 0.88 2.37688E-07 0.0010804
0.22e-6 0.50e-6 0.885 2.50718E-07 0.00113963
0.22e-6 0.50e-6 0.89 2.64165E-07 0.00120075
0.22e-6 0.50e-6 0.895 2.78031E-07 0.00126378
0.22e-6 0.50e-6 0.9 2.92313E-07 0.00132869
0.22e-6 0.50e-6 0.905 3.07011E-07 0.0013955
0.22e-6 0.50e-6 0.91 3.22124E-07 0.0014642
0.22e-6 0.50e-6 0.915 3.37651E-07 0.00153478
0.22e-6 0.50e-6 0.92 3.5359E-07 0.00160723
0.22e-6 0.50e-6 0.925 3.6994E-07 0.00168154
0.22e-6 0.50e-6 0.93 3.86699E-07 0.00175772
0.22e-6 0.50e-6 0.935 4.03865E-07 0.00183575
0.22e-6 0.50e-6 0.94 4.21436E-07 0.00191562
0.22e-6 0.50e-6 0.945 4.39411E-07 0.00199732
0.22e-6 0.50e-6 0.95 4.57788E-07 0.00208086
0.22e-6 0.50e-6 0.955 4.76564E-07 0.0021662
0.22e-6 0.50e-6 0.96 4.95738E-07 0.00225336
0.22e-6 0.50e-6 0.965 5.15308E-07 0.00234231
0.22e-6 0.50e-6 0.97 5.3527E-07 0.00243305
0.22e-6 0.50e-6 0.975 5.55624E-07 0.00252557
0.22e-6 0.50e-6 0.98 5.76368E-07 0.00261985
0.22e-6 0.50e-6 0.985 5.97499E-07 0.0027159
0.22e-6 0.50e-6 0.99 6.19015E-07 0.0028137
0.22e-6 0.50e-6 0.995 6.40914E-07 0.00291325
0.22e-6 0.50e-6 1 6.63195E-07 0.00301452
0.22e-6 0.50e-6 1.005 6.85855E-07 0.00311752
0.22e-6 0.50e-6 1.01 7.08892E-07 0.00322224
0.22e-6 0.50e-6 1.015 7.32306E-07 0.00332866
0.22e-6 0.50e-6 1.02 7.56093E-07 0.00343678
0.22e-6 0.50e-6 1.025 7.80251E-07 0.0035466
0.22e-6 0.50e-6 1.03 8.0478E-07 0.00365809
0.22e-6 0.50e-6 1.035 8.29678E-07 0.00377126
0.22e-6 0.50e-6 1.04 8.54942E-07 0.0038861
0.22e-6 0.50e-6 1.045 8.80571E-07 0.0040026
0.22e-6 0.50e-6 1.05 9.06564E-07 0.00412075
0.22e-6 0.50e-6 1.055 9.32919E-07 0.00424054
0.22e-6 0.50e-6 1.06 9.59633E-07 0.00436197
0.22e-6 0.50e-6 1.065 9.86707E-07 0.00448503
0.22e-6 0.50e-6 1.07 1.01414E-06 0.00460972
0.22e-6 0.50e-6 1.075 1.04192E-06 0.00473602
0.22e-6 0.50e-6 1.08 1.07006E-06 0.00486393
0.22e-6 0.50e-6 1.085 1.09856E-06 0.00499345
0.22e-6 0.50e-6 1.09 1.1274E-06 0.00512456
0.22e-6 0.50e-6 1.095 1.1566E-06 0.00525727
0.22e-6 0.50e-6 1.1 1.18614E-06 0.00539156
0.22e-6 0.50e-6 1.105 1.21604E-06 0.00552743
0.22e-6 0.50e-6 1.11 1.24627E-06 0.00566488
0.22e-6 0.50e-6 1.115 1.27686E-06 0.00580389
0.22e-6 0.50e-6 1.12 1.30778E-06 0.00594447
0.22e-6 0.50e-6 1.125 1.33905E-06 0.0060866
0.22e-6 0.50e-6 1.13 1.37066E-06 0.00623029
0.22e-6 0.50e-6 1.135 1.40261E-06 0.00637552
0.22e-6 0.50e-6 1.14 1.4349E-06 0.00652229
0.22e-6 0.50e-6 1.145 1.46753E-06 0.0066706
0.22e-6 0.50e-6 1.15 1.5005E-06 0.00682043
0.22e-6 0.50e-6 1.155 1.5338E-06 0.0069718
0.22e-6 0.50e-6 1.16 1.56743E-06 0.00712468
0.22e-6 0.50e-6 1.165 1.6014E-06 0.00727908
0.22e-6 0.50e-6 1.17 1.6357E-06 0.00743498
0.22e-6 0.50e-6 1.175 1.67033E-06 0.0075924
0.22e-6 0.50e-6 1.18 1.70529E-06 0.00775131
0.22e-6 0.50e-6 1.185 1.74058E-06 0.00791172
0.22e-6 0.50e-6 1.19 1.7762E-06 0.00807362
0.22e-6 0.50e-6 1.195 1.81214E-06 0.008237
0.22e-6 0.50e-6 1.2 1.84841E-06 0.00840187
1e-6 0.28e-6 0.35 7.6347E-11 7.6347E-08
1e-6 0.28e-6 0.355 8.69533E-11 8.69533E-08
1e-6 0.28e-6 0.36 9.9058E-11 9.9058E-08
1e-6 0.28e-6 0.365 1.1287E-10 1.1287E-07
1e-6 0.28e-6 0.37 1.28629E-10 1.28629E-07
1e-6 0.28e-6 0.375 1.46604E-10 1.46604E-07
1e-6 0.28e-6 0.38 1.67104E-10 1.67104E-07
1e-6 0.28e-6 0.385 1.90477E-10 1.90477E-07
1e-6 0.28e-6 0.39 2.17121E-10 2.17121E-07
1e-6 0.28e-6 0.395 2.47487E-10 2.47487E-07
1e-6 0.28e-6 0.4 2.82084E-10 2.82084E-07
1e-6 0.28e-6 0.405 3.21492E-10 3.21492E-07
1e-6 0.28e-6 0.41 3.66367E-10 3.66367E-07
1e-6 0.28e-6 0.415 4.17452E-10 4.17452E-07
1e-6 0.28e-6 0.42 4.75587E-10 4.75587E-07
1e-6 0.28e-6 0.425 5.41724E-10 5.41724E-07
1e-6 0.28e-6 0.43 6.16935E-10 6.16935E-07
1e-6 0.28e-6 0.435 7.02434E-10 7.02434E-07
1e-6 0.28e-6 0.44 7.9959E-10 7.9959E-07
1e-6 0.28e-6 0.445 9.09945E-10 9.09945E-07
1e-6 0.28e-6 0.45 1.03524E-09 1.03524E-06
1e-6 0.28e-6 0.455 1.17742E-09 1.17742E-06
1e-6 0.28e-6 0.46 1.3387E-09 1.3387E-06
1e-6 0.28e-6 0.465 1.52154E-09 1.52154E-06
1e-6 0.28e-6 0.47 1.72872E-09 1.72872E-06
1e-6 0.28e-6 0.475 1.96334E-09 1.96334E-06
1e-6 0.28e-6 0.48 2.2289E-09 2.2289E-06
1e-6 0.28e-6 0.485 2.52929E-09 2.52929E-06
1e-6 0.28e-6 0.49 2.86886E-09 2.86886E-06
1e-6 0.28e-6 0.495 3.25249E-09 3.25249E-06
1e-6 0.28e-6 0.5 3.68561E-09 3.68561E-06
1e-6 0.28e-6 0.505 4.17427E-09 4.17427E-06
1e-6 0.28e-6 0.51 4.7252E-09 4.7252E-06
1e-6 0.28e-6 0.515 5.34591E-09 5.34591E-06
1e-6 0.28e-6 0.52 6.04471E-09 6.04471E-06
1e-6 0.28e-6 0.525 6.83085E-09 6.83085E-06
1e-6 0.28e-6 0.53 7.71459E-09 7.71459E-06
1e-6 0.28e-6 0.535 8.70726E-09 8.70726E-06
1e-6 0.28e-6 0.54 9.82143E-09 9.82143E-06
1e-6 0.28e-6 0.545 1.1071E-08 1.1071E-05
1e-6 0.28e-6 0.55 1.24713E-08 1.24713E-05
1e-6 0.28e-6 0.555 1.40393E-08 1.40393E-05
1e-6 0.28e-6 0.56 1.57936E-08 1.57936E-05
1e-6 0.28e-6 0.565 1.77548E-08 1.77548E-05
1e-6 0.28e-6 0.57 1.99455E-08 1.99455E-05
1e-6 0.28e-6 0.575 2.23906E-08 2.23906E-05
1e-6 0.28e-6 0.58 2.51174E-08 2.51174E-05
1e-6 0.28e-6 0.585 2.81557E-08 2.81557E-05
1e-6 0.28e-6 0.59 3.15383E-08 3.15383E-05
1e-6 0.28e-6 0.595 3.53009E-08 3.53009E-05
1e-6 0.28e-6 0.6 3.94827E-08 3.94827E-05
1e-6 0.28e-6 0.605 4.41261E-08 4.41261E-05
1e-6 0.28e-6 0.61 4.92772E-08 4.92772E-05
1e-6 0.28e-6 0.615 5.4986E-08 5.4986E-05
1e-6 0.28e-6 0.62 6.13067E-08 6.13067E-05
1e-6 0.28e-6 0.625 6.82975E-08 6.82975E-05
1e-6 0.28e-6 0.63 7.6021E-08 7.6021E-05
1e-6 0.28e-6 0.635 8.45443E-08 8.45443E-05
1e-6 0.28e-6 0.64 9.39387E-08 9.39387E-05
1e-6 0.28e-6 0.645 1.0428E-07 0.00010428
1e-6 0.28e-6 0.65 1.1565E-07 0.00011565
1e-6 0.28e-6 0.655 1.28131E-07 0.000128131
1e-6 0.28e-6 0.66 1.41813E-07 0.000141813
1e-6 0.28e-6 0.665 1.5679E-07 0.00015679
1e-6 0.28e-6 0.67 1.73156E-07 0.000173156
1e-6 0.28e-6 0.675 1.91013E-07 0.000191013
1e-6 0.28e-6 0.68 2.10461E-07 0.000210461
1e-6 0.28e-6 0.685 2.31606E-07 0.000231606
1e-6 0.28e-6 0.69 2.54555E-07 0.000254555
1e-6 0.28e-6 0.695 2.79414E-07 0.000279414
1e-6 0.28e-6 0.7 3.06292E-07 0.000306292
1e-6 0.28e-6 0.705 3.35298E-07 0.000335298
1e-6 0.28e-6 0.71 3.6654E-07 0.00036654
1e-6 0.28e-6 0.715 4.00122E-07 0.000400122
1e-6 0.28e-6 0.72 4.3615E-07 0.00043615
1e-6 0.28e-6 0.725 4.74726E-07 0.000474726
1e-6 0.28e-6 0.73 5.15948E-07 0.000515948
1e-6 0.28e-6 0.735 5.59911E-07 0.000559911
1e-6 0.28e-6 0.74 6.06707E-07 0.000606707
1e-6 0.28e-6 0.745 6.56421E-07 0.000656421
1e-6 0.28e-6 0.75 7.09134E-07 0.000709134
1e-6 0.28e-6 0.755 7.64924E-07 0.000764924
1e-6 0.28e-6 0.76 8.23859E-07 0.000823859
1e-6 0.28e-6 0.765 8.86005E-07 0.000886005
1e-6 0.28e-6 0.77 9.51422E-07 0.000951422
1e-6 0.28e-6 0.775 1.02016E-06 0.00102016
1e-6 0.28e-6 0.78 1.09227E-06 0.00109227
1e-6 0.28e-6 0.785 1.16779E-06 0.00116779
1e-6 0.28e-6 0.79 1.24675E-06 0.00124675
1e-6 0.28e-6 0.795 1.32919E-06 0.00132919
1e-6 0.28e-6 0.8 1.41513E-06 0.00141513
1e-6 0.28e-6 0.805 1.50459E-06 0.00150459
1e-6 0.28e-6 0.81 1.59758E-06 0.00159758
1e-6 0.28e-6 0.815 1.69411E-06 0.00169411
1e-6 0.28e-6 0.82 1.79418E-06 0.00179418
1e-6 0.28e-6 0.825 1.89781E-06 0.00189781
1e-6 0.28e-6 0.83 2.00497E-06 0.00200497
1e-6 0.28e-6 0.835 2.11567E-06 0.00211567
1e-6 0.28e-6 0.84 2.22989E-06 0.00222989
1e-6 0.28e-6 0.845 2.34763E-06 0.00234763
1e-6 0.28e-6 0.85 2.46886E-06 0.00246886
1e-6 0.28e-6 0.855 2.59356E-06 0.00259356
1e-6 0.28e-6 0.86 2.72171E-06 0.00272171
1e-6 0.28e-6 0.865 2.85329E-06 0.00285329
1e-6 0.28e-6 0.87 2.98825E-06 0.00298825
1e-6 0.28e-6 0.875 3.12659E-06 0.00312659
1e-6 0.28e-6 0.88 3.26827E-06 0.00326827
1e-6 0.28e-6 0.885 3.41326E-06 0.00341326
1e-6 0.28e-6 0.89 3.56154E-06 0.00356154
1e-6 0.28e-6 0.895 3.71307E-06 0.00371307
1e-6 0.28e-6 0.9 3.86782E-06 0.00386782
1e-6 0.28e-6 0.905 4.02577E-06 0.00402577
1e-6 0.28e-6 0.91 4.18688E-06 0.00418688
1e-6 0.28e-6 0.915 4.35112E-06 0.00435112
1e-6 0.28e-6 0.92 4.51846E-06 0.00451846
1e-6 0.28e-6 0.925 4.68887E-06 0.00468887
1e-6 0.28e-6 0.93 4.86232E-06 0.00486232
1e-6 0.28e-6 0.935 5.03878E-06 0.00503878
1e-6 0.28e-6 0.94 5.21821E-06 0.00521821
1e-6 0.28e-6 0.945 5.4006E-06 0.0054006
1e-6 0.28e-6 0.95 5.58591E-06 0.00558591
1e-6 0.28e-6 0.955 5.77411E-06 0.00577411
1e-6 0.28e-6 0.96 5.96517E-06 0.00596517
1e-6 0.28e-6 0.965 6.15907E-06 0.00615907
1e-6 0.28e-6 0.97 6.35577E-06 0.00635577
1e-6 0.28e-6 0.975 6.55526E-06 0.00655526
1e-6 0.28e-6 0.98 6.7575E-06 0.0067575
1e-6 0.28e-6 0.985 6.96247E-06 0.00696247
1e-6 0.28e-6 0.99 7.17015E-06 0.00717015
1e-6 0.28e-6 0.995 7.3805E-06 0.0073805
1e-6 0.28e-6 1 7.59351E-06 0.00759351
1e-6 0.28e-6 1.005 7.80914E-06 0.00780914
1e-6 0.28e-6 1.01 8.02739E-06 0.00802739
1e-6 0.28e-6 1.015 8.24822E-06 0.00824822
1e-6 0.28e-6 1.02 8.4716E-06 0.0084716
1e-6 0.28e-6 1.025 8.69753E-06 0.00869753
1e-6 0.28e-6 1.03 8.92598E-06 0.00892598
1e-6 0.28e-6 1.035 9.15692E-06 0.00915692
1e-6 0.28e-6 1.04 9.39034E-06 0.00939034
1e-6 0.28e-6 1.045 9.62621E-06 0.00962621
1e-6 0.28e-6 1.05 9.86451E-06 0.00986451
1e-6 0.28e-6 1.055 1.01052E-05 0.0101052
1e-6 0.28e-6 1.06 1.03484E-05 0.0103484
1e-6 0.28e-6 1.065 1.05938E-05 0.0105938
1e-6 0.28e-6 1.07 1.08417E-05 0.0108417
1e-6 0.28e-6 1.075 1.10919E-05 0.0110919
1e-6 0.28e-6 1.08 1.13444E-05 0.0113444
1e-6 0.28e-6 1.085 1.15992E-05 0.0115992
1e-6 0.28e-6 1.09 1.18563E-05 0.0118563
1e-6 0.28e-6 1.095 1.21157E-05 0.0121157
1e-6 0.28e-6 1.1 1.23773E-05 0.0123773
1e-6 0.28e-6 1.105 1.26412E-05 0.0126412
1e-6 0.28e-6 1.11 1.29072E-05 0.0129072
1e-6 0.28e-6 1.115 1.31755E-05 0.0131755
1e-6 0.28e-6 1.12 1.3446E-05 0.013446
1e-6 0.28e-6 1.125 1.37186E-05 0.0137186
1e-6 0.28e-6 1.13 1.39934E-05 0.0139934
1e-6 0.28e-6 1.135 1.42703E-05 0.0142703
1e-6 0.28e-6 1.14 1.45493E-05 0.0145493
1e-6 0.28e-6 1.145 1.48305E-05 0.0148305
1e-6 0.28e-6 1.15 1.51137E-05 0.0151137
1e-6 0.28e-6 1.155 1.53991E-05 0.0153991
1e-6 0.28e-6 1.16 1.56865E-05 0.0156865
1e-6 0.28e-6 1.165 1.59759E-05 0.0159759
1e-6 0.28e-6 1.17 1.62674E-05 0.0162674
1e-6 0.28e-6 1.175 1.65608E-05 0.0165608
1e-6 0.28e-6 1.18 1.68563E-05 0.0168563
1e-6 0.28e-6 1.185 1.71538E-05 0.0171538
1e-6 0.28e-6 1.19 1.74533E-05 0.0174533
1e-6 0.28e-6 1.195 1.77547E-05 0.0177547
1e-6 0.28e-6 1.2 1.80581E-05 0.0180581
1e-6 0.36e-6 0.35 1.49693E-11 1.49693E-08
1e-6 0.36e-6 0.355 1.6861E-11 1.6861E-08
1e-6 0.36e-6 0.36 1.9023E-11 1.9023E-08
1e-6 0.36e-6 0.365 2.14946E-11 2.14946E-08
1e-6 0.36e-6 0.37 2.4319E-11 2.4319E-08
1e-6 0.36e-6 0.375 2.75469E-11 2.75469E-08
1e-6 0.36e-6 0.38 3.12357E-11 3.12357E-08
1e-6 0.36e-6 0.385 3.5449E-11 3.5449E-08
1e-6 0.36e-6 0.39 4.02636E-11 4.02636E-08
1e-6 0.36e-6 0.395 4.57621E-11 4.57621E-08
1e-6 0.36e-6 0.4 5.20417E-11 5.20417E-08
1e-6 0.36e-6 0.405 5.92125E-11 5.92125E-08
1e-6 0.36e-6 0.41 6.73998E-11 6.73998E-08
1e-6 0.36e-6 0.415 7.6745E-11 7.6745E-08
1e-6 0.36e-6 0.42 8.74113E-11 8.74113E-08
1e-6 0.36e-6 0.425 9.9582E-11 9.9582E-08
1e-6 0.36e-6 0.43 1.13467E-10 1.13467E-07
1e-6 0.36e-6 0.435 1.29304E-10 1.29304E-07
1e-6 0.36e-6 0.44 1.47363E-10 1.47363E-07
1e-6 0.36e-6 0.445 1.67952E-10 1.67952E-07
1e-6 0.36e-6 0.45 1.91418E-10 1.91418E-07
1e-6 0.36e-6 0.455 2.18155E-10 2.18155E-07
1e-6 0.36e-6 0.46 2.48612E-10 2.48612E-07
1e-6 0.36e-6 0.465 2.83294E-10 2.83294E-07
1e-6 0.36e-6 0.47 3.22775E-10 3.22775E-07
1e-6 0.36e-6 0.475 3.67703E-10 3.67703E-07
1e-6 0.36e-6 0.48 4.18811E-10 4.18811E-07
1e-6 0.36e-6 0.485 4.76926E-10 4.76926E-07
1e-6 0.36e-6 0.49 5.42984E-10 5.42984E-07
1e-6 0.36e-6 0.495 6.18036E-10 6.18036E-07
1e-6 0.36e-6 0.5 7.0327E-10 7.0327E-07
1e-6 0.36e-6 0.505 8.00021E-10 8.00021E-07
1e-6 0.36e-6 0.51 9.09793E-10 9.09793E-07
1e-6 0.36e-6 0.515 1.03427E-09 1.03427E-06
1e-6 0.36e-6 0.52 1.17536E-09 1.17536E-06
1e-6 0.36e-6 0.525 1.33518E-09 1.33518E-06
1e-6 0.36e-6 0.53 1.5161E-09 1.5161E-06
1e-6 0.36e-6 0.535 1.72082E-09 1.72082E-06
1e-6 0.36e-6 0.54 1.95229E-09 1.95229E-06
1e-6 0.36e-6 0.545 2.21386E-09 2.21386E-06
1e-6 0.36e-6 0.55 2.50925E-09 2.50925E-06
1e-6 0.36e-6 0.555 2.84261E-09 2.84261E-06
1e-6 0.36e-6 0.56 3.21855E-09 3.21855E-06
1e-6 0.36e-6 0.565 3.64222E-09 3.64222E-06
1e-6 0.36e-6 0.57 4.11935E-09 4.11935E-06
1e-6 0.36e-6 0.575 4.65627E-09 4.65627E-06
1e-6 0.36e-6 0.58 5.26006E-09 5.26006E-06
1e-6 0.36e-6 0.585 5.93852E-09 5.93852E-06
1e-6 0.36e-6 0.59 6.70032E-09 6.70032E-06
1e-6 0.36e-6 0.595 7.55506E-09 7.55506E-06
1e-6 0.36e-6 0.6 8.51335E-09 8.51335E-06
1e-6 0.36e-6 0.605 9.5869E-09 9.5869E-06
1e-6 0.36e-6 0.61 1.07887E-08 1.07887E-05
1e-6 0.36e-6 0.615 1.21329E-08 1.21329E-05
1e-6 0.36e-6 0.62 1.36354E-08 1.36354E-05
1e-6 0.36e-6 0.625 1.53135E-08 1.53135E-05
1e-6 0.36e-6 0.63 1.71862E-08 1.71862E-05
1e-6 0.36e-6 0.635 1.92744E-08 1.92744E-05
1e-6 0.36e-6 0.64 2.1601E-08 2.1601E-05
1e-6 0.36e-6 0.645 2.41912E-08 2.41912E-05
1e-6 0.36e-6 0.65 2.70724E-08 2.70724E-05
1e-6 0.36e-6 0.655 3.02744E-08 3.02744E-05
1e-6 0.36e-6 0.66 3.38299E-08 3.38299E-05
1e-6 0.36e-6 0.665 3.77741E-08 3.77741E-05
1e-6 0.36e-6 0.67 4.21452E-08 4.21452E-05
1e-6 0.36e-6 0.675 4.69843E-08 4.69843E-05
1e-6 0.36e-6 0.68 5.23359E-08 5.23359E-05
1e-6 0.36e-6 0.685 5.82473E-08 5.82473E-05
1e-6 0.36e-6 0.69 6.47692E-08 6.47692E-05
1e-6 0.36e-6 0.695 7.19554E-08 7.19554E-05
1e-6 0.36e-6 0.7 7.98631E-08 7.98631E-05
1e-6 0.36e-6 0.705 8.85521E-08 8.85521E-05
1e-6 0.36e-6 0.71 9.80857E-08 9.80857E-05
1e-6 0.36e-6 0.715 1.0853E-07 0.00010853
1e-6 0.36e-6 0.72 1.19952E-07 0.000119952
1e-6 0.36e-6 0.725 1.32424E-07 0.000132424
1e-6 0.36e-6 0.73 1.46017E-07 0.000146017
1e-6 0.36e-6 0.735 1.60807E-07 0.000160807
1e-6 0.36e-6 0.74 1.76869E-07 0.000176869
1e-6 0.36e-6 0.745 1.94279E-07 0.000194279
1e-6 0.36e-6 0.75 2.13115E-07 0.000213115
1e-6 0.36e-6 0.755 2.33452E-07 0.000233452
1e-6 0.36e-6 0.76 2.55368E-07 0.000255368
1e-6 0.36e-6 0.765 2.78938E-07 0.000278938
1e-6 0.36e-6 0.77 3.04237E-07 0.000304237
1e-6 0.36e-6 0.775 3.31337E-07 0.000331337
1e-6 0.36e-6 0.78 3.60309E-07 0.000360309
1e-6 0.36e-6 0.785 3.9122E-07 0.00039122
1e-6 0.36e-6 0.79 4.24137E-07 0.000424137
1e-6 0.36e-6 0.795 4.5912E-07 0.00045912
1e-6 0.36e-6 0.8 4.96229E-07 0.000496229
1e-6 0.36e-6 0.805 5.35518E-07 0.000535518
1e-6 0.36e-6 0.81 5.7704E-07 0.00057704
1e-6 0.36e-6 0.815 6.2084E-07 0.00062084
1e-6 0.36e-6 0.82 6.66964E-07 0.000666964
1e-6 0.36e-6 0.825 7.1545E-07 0.00071545
1e-6 0.36e-6 0.83 7.66333E-07 0.000766333
1e-6 0.36e-6 0.835 8.19645E-07 0.000819645
1e-6 0.36e-6 0.84 8.75414E-07 0.000875414
1e-6 0.36e-6 0.845 9.33662E-07 0.000933662
1e-6 0.36e-6 0.85 9.9441E-07 0.00099441
1e-6 0.36e-6 0.855 1.05767E-06 0.00105767
1e-6 0.36e-6 0.86 1.12346E-06 0.00112346
1e-6 0.36e-6 0.865 1.19178E-06 0.00119178
1e-6 0.36e-6 0.87 1.26263E-06 0.00126263
1e-6 0.36e-6 0.875 1.33603E-06 0.00133603
1e-6 0.36e-6 0.88 1.41197E-06 0.00141197
1e-6 0.36e-6 0.885 1.49044E-06 0.00149044
1e-6 0.36e-6 0.89 1.57145E-06 0.00157145
1e-6 0.36e-6 0.895 1.65498E-06 0.00165498
1e-6 0.36e-6 0.9 1.74104E-06 0.00174104
1e-6 0.36e-6 0.905 1.8296E-06 0.0018296
1e-6 0.36e-6 0.91 1.92066E-06 0.00192066
1e-6 0.36e-6 0.915 2.0142E-06 0.0020142
1e-6 0.36e-6 0.92 2.11022E-06 0.00211022
1e-6 0.36e-6 0.925 2.20869E-06 0.00220869
1e-6 0.36e-6 0.93 2.3096E-06 0.0023096
1e-6 0.36e-6 0.935 2.41294E-06 0.00241294
1e-6 0.36e-6 0.94 2.51868E-06 0.00251868
1e-6 0.36e-6 0.945 2.62681E-06 0.00262681
1e-6 0.36e-6 0.95 2.73731E-06 0.00273731
1e-6 0.36e-6 0.955 2.85017E-06 0.00285017
1e-6 0.36e-6 0.96 2.96536E-06 0.00296536
1e-6 0.36e-6 0.965 3.08287E-06 0.00308287
1e-6 0.36e-6 0.97 3.20268E-06 0.00320268
1e-6 0.36e-6 0.975 3.32476E-06 0.00332476
1e-6 0.36e-6 0.98 3.44911E-06 0.00344911
1e-6 0.36e-6 0.985 3.57571E-06 0.00357571
1e-6 0.36e-6 0.99 3.70452E-06 0.00370452
1e-6 0.36e-6 0.995 3.83555E-06 0.00383555
1e-6 0.36e-6 1 3.96877E-06 0.00396877
1e-6 0.36e-6 1.005 4.10416E-06 0.00410416
1e-6 0.36e-6 1.01 4.2417E-06 0.0042417
1e-6 0.36e-6 1.015 4.38139E-06 0.00438139
1e-6 0.36e-6 1.02 4.52319E-06 0.00452319
1e-6 0.36e-6 1.025 4.6671E-06 0.0046671
1e-6 0.36e-6 1.03 4.81311E-06 0.00481311
1e-6 0.36e-6 1.035 4.96118E-06 0.00496118
1e-6 0.36e-6 1.04 5.11132E-06 0.00511132
1e-6 0.36e-6 1.045 5.2635E-06 0.0052635
1e-6 0.36e-6 1.05 5.41771E-06 0.00541771
1e-6 0.36e-6 1.055 5.57393E-06 0.00557393
1e-6 0.36e-6 1.06 5.73215E-06 0.00573215
1e-6 0.36e-6 1.065 5.89236E-06 0.00589236
1e-6 0.36e-6 1.07 6.05454E-06 0.00605454
1e-6 0.36e-6 1.075 6.21868E-06 0.00621868
1e-6 0.36e-6 1.08 6.38477E-06 0.00638477
1e-6 0.36e-6 1.085 6.55279E-06 0.00655279
1e-6 0.36e-6 1.09 6.72272E-06 0.00672272
1e-6 0.36e-6 1.095 6.89457E-06 0.00689457
1e-6 0.36e-6 1.1 7.06831E-06 0.00706831
1e-6 0.36e-6 1.105 7.24393E-06 0.00724393
1e-6 0.36e-6 1.11 7.42143E-06 0.00742143
1e-6 0.36e-6 1.115 7.60078E-06 0.00760078
1e-6 0.36e-6 1.12 7.78198E-06 0.00778198
1e-6 0.36e-6 1.125 7.96502E-06 0.00796502
1e-6 0.36e-6 1.13 8.14988E-06 0.00814988
1e-6 0.36e-6 1.135 8.33656E-06 0.00833656
1e-6 0.36e-6 1.14 8.52504E-06 0.00852504
1e-6 0.36e-6 1.145 8.71531E-06 0.00871531
1e-6 0.36e-6 1.15 8.90737E-06 0.00890737
1e-6 0.36e-6 1.155 9.1012E-06 0.0091012
1e-6 0.36e-6 1.16 9.29679E-06 0.00929679
1e-6 0.36e-6 1.165 9.49413E-06 0.00949413
1e-6 0.36e-6 1.17 9.69321E-06 0.00969321
1e-6 0.36e-6 1.175 9.89402E-06 0.00989402
1e-6 0.36e-6 1.18 1.00966E-05 0.0100966
1e-6 0.36e-6 1.185 1.03008E-05 0.0103008
1e-6 0.36e-6 1.19 1.05068E-05 0.0105068
1e-6 0.36e-6 1.195 1.07144E-05 0.0107144
1e-6 0.36e-6 1.2 1.09237E-05 0.0109237
1e-6 0.50e-6 0.35 5.97965E-12 5.97965E-09
1e-6 0.50e-6 0.355 6.58223E-12 6.58223E-09
1e-6 0.50e-6 0.36 7.27166E-12 7.27166E-09
1e-6 0.50e-6 0.365 8.06029E-12 8.06029E-09
1e-6 0.50e-6 0.37 8.96238E-12 8.96238E-09
1e-6 0.50e-6 0.375 9.99375E-12 9.99375E-09
1e-6 0.50e-6 0.38 1.11733E-11 1.11733E-08
1e-6 0.50e-6 0.385 1.25223E-11 1.25223E-08
1e-6 0.50e-6 0.39 1.4064E-11 1.4064E-08
1e-6 0.50e-6 0.395 1.58267E-11 1.58267E-08
1e-6 0.50e-6 0.4 1.78417E-11 1.78417E-08
1e-6 0.50e-6 0.405 2.01447E-11 2.01447E-08
1e-6 0.50e-6 0.41 2.2777E-11 2.2777E-08
1e-6 0.50e-6 0.415 2.57847E-11 2.57847E-08
1e-6 0.50e-6 0.42 2.9221E-11 2.9221E-08
1e-6 0.50e-6 0.425 3.31468E-11 3.31468E-08
1e-6 0.50e-6 0.43 3.76308E-11 3.76308E-08
1e-6 0.50e-6 0.435 4.27516E-11 4.27516E-08
1e-6 0.50e-6 0.44 4.85989E-11 4.85989E-08
1e-6 0.50e-6 0.445 5.52738E-11 5.52738E-08
1e-6 0.50e-6 0.45 6.28927E-11 6.28927E-08
1e-6 0.50e-6 0.455 7.15873E-11 7.15873E-08
1e-6 0.50e-6 0.46 8.15061E-11 8.15061E-08
1e-6 0.50e-6 0.465 9.28204E-11 9.28204E-08
1e-6 0.50e-6 0.47 1.05723E-10 1.05723E-07
1e-6 0.50e-6 0.475 1.20432E-10 1.20432E-07
1e-6 0.50e-6 0.48 1.37197E-10 1.37197E-07
1e-6 0.50e-6 0.485 1.56299E-10 1.56299E-07
1e-6 0.50e-6 0.49 1.78056E-10 1.78056E-07
1e-6 0.50e-6 0.495 2.02831E-10 2.02831E-07
1e-6 0.50e-6 0.5 2.31032E-10 2.31032E-07
1e-6 0.50e-6 0.505 2.63119E-10 2.63119E-07
1e-6 0.50e-6 0.51 2.99616E-10 2.99616E-07
1e-6 0.50e-6 0.515 3.41111E-10 3.41111E-07
1e-6 0.50e-6 0.52 3.88269E-10 3.88269E-07
1e-6 0.50e-6 0.525 4.41838E-10 4.41838E-07
1e-6 0.50e-6 0.53 5.0266E-10 5.0266E-07
1e-6 0.50e-6 0.535 5.71686E-10 5.71686E-07
1e-6 0.50e-6 0.54 6.49982E-10 6.49982E-07
1e-6 0.50e-6 0.545 7.38743E-10 7.38743E-07
1e-6 0.50e-6 0.55 8.39314E-10 8.39314E-07
1e-6 0.50e-6 0.555 9.532E-10 9.532E-07
1e-6 0.50e-6 0.56 1.08209E-09 1.08209E-06
1e-6 0.50e-6 0.565 1.22787E-09 1.22787E-06
1e-6 0.50e-6 0.57 1.39264E-09 1.39264E-06
1e-6 0.50e-6 0.575 1.57876E-09 1.57876E-06
1e-6 0.50e-6 0.58 1.78887E-09 1.78887E-06
1e-6 0.50e-6 0.585 2.02587E-09 2.02587E-06
1e-6 0.50e-6 0.59 2.29304E-09 2.29304E-06
1e-6 0.50e-6 0.595 2.594E-09 2.594E-06
1e-6 0.50e-6 0.6 2.93278E-09 2.93278E-06
1e-6 0.50e-6 0.605 3.31386E-09 3.31386E-06
1e-6 0.50e-6 0.61 3.74219E-09 3.74219E-06
1e-6 0.50e-6 0.615 4.22329E-09 4.22329E-06
1e-6 0.50e-6 0.62 4.76324E-09 4.76324E-06
1e-6 0.50e-6 0.625 5.36882E-09 5.36882E-06
1e-6 0.50e-6 0.63 6.04746E-09 6.04746E-06
1e-6 0.50e-6 0.635 6.80743E-09 6.80743E-06
1e-6 0.50e-6 0.64 7.65783E-09 7.65783E-06
1e-6 0.50e-6 0.645 8.6087E-09 8.6087E-06
1e-6 0.50e-6 0.65 9.6711E-09 9.6711E-06
1e-6 0.50e-6 0.655 1.08572E-08 1.08572E-05
1e-6 0.50e-6 0.66 1.21804E-08 1.21804E-05
1e-6 0.50e-6 0.665 1.36553E-08 1.36553E-05
1e-6 0.50e-6 0.67 1.52982E-08 1.52982E-05
1e-6 0.50e-6 0.675 1.71264E-08 1.71264E-05
1e-6 0.50e-6 0.68 1.91593E-08 1.91593E-05
1e-6 0.50e-6 0.685 2.14177E-08 2.14177E-05
1e-6 0.50e-6 0.69 2.39244E-08 2.39244E-05
1e-6 0.50e-6 0.695 2.67038E-08 2.67038E-05
1e-6 0.50e-6 0.7 2.97827E-08 2.97827E-05
1e-6 0.50e-6 0.705 3.31894E-08 3.31894E-05
1e-6 0.50e-6 0.71 3.69547E-08 3.69547E-05
1e-6 0.50e-6 0.715 4.11113E-08 4.11113E-05
1e-6 0.50e-6 0.72 4.56939E-08 4.56939E-05
1e-6 0.50e-6 0.725 5.07396E-08 5.07396E-05
1e-6 0.50e-6 0.73 5.62871E-08 5.62871E-05
1e-6 0.50e-6 0.735 6.23775E-08 6.23775E-05
1e-6 0.50e-6 0.74 6.90533E-08 6.90533E-05
1e-6 0.50e-6 0.745 7.6359E-08 7.6359E-05
1e-6 0.50e-6 0.75 8.43406E-08 8.43406E-05
1e-6 0.50e-6 0.755 9.30453E-08 9.30453E-05
1e-6 0.50e-6 0.76 1.02522E-07 0.000102522
1e-6 0.50e-6 0.765 1.12819E-07 0.000112819
1e-6 0.50e-6 0.77 1.23988E-07 0.000123988
1e-6 0.50e-6 0.775 1.36078E-07 0.000136078
1e-6 0.50e-6 0.78 1.4914E-07 0.00014914
1e-6 0.50e-6 0.785 1.63224E-07 0.000163224
1e-6 0.50e-6 0.79 1.7838E-07 0.00017838
1e-6 0.50e-6 0.795 1.94657E-07 0.000194657
1e-6 0.50e-6 0.8 2.12104E-07 0.000212104
1e-6 0.50e-6 0.805 2.30767E-07 0.000230767
1e-6 0.50e-6 0.81 2.50692E-07 0.000250692
1e-6 0.50e-6 0.815 2.71922E-07 0.000271922
1e-6 0.50e-6 0.82 2.94499E-07 0.000294499
1e-6 0.50e-6 0.825 3.18462E-07 0.000318462
1e-6 0.50e-6 0.83 3.43849E-07 0.000343849
1e-6 0.50e-6 0.835 3.70696E-07 0.000370696
1e-6 0.50e-6 0.84 3.99034E-07 0.000399034
1e-6 0.50e-6 0.845 4.28894E-07 0.000428894
1e-6 0.50e-6 0.85 4.60303E-07 0.000460303
1e-6 0.50e-6 0.855 4.93287E-07 0.000493287
1e-6 0.50e-6 0.86 5.27865E-07 0.000527865
1e-6 0.50e-6 0.865 5.64057E-07 0.000564057
1e-6 0.50e-6 0.87 6.01879E-07 0.000601879
1e-6 0.50e-6 0.875 6.41347E-07 0.000641347
1e-6 0.50e-6 0.88 6.82473E-07 0.000682473
1e-6 0.50e-6 0.885 7.25267E-07 0.000725267
1e-6 0.50e-6 0.89 7.69737E-07 0.000769737
1e-6 0.50e-6 0.895 8.1589E-07 0.00081589
1e-6 0.50e-6 0.9 8.6373E-07 0.00086373
1e-6 0.50e-6 0.905 9.1326E-07 0.00091326
1e-6 0.50e-6 0.91 9.64481E-07 0.000964481
1e-6 0.50e-6 0.915 1.01739E-06 0.00101739
1e-6 0.50e-6 0.92 1.07199E-06 0.00107199
1e-6 0.50e-6 0.925 1.12828E-06 0.00112828
1e-6 0.50e-6 0.93 1.18625E-06 0.00118625
1e-6 0.50e-6 0.935 1.24589E-06 0.00124589
1e-6 0.50e-6 0.94 1.30721E-06 0.00130721
1e-6 0.50e-6 0.945 1.37019E-06 0.00137019
1e-6 0.50e-6 0.95 1.43483E-06 0.00143483
1e-6 0.50e-6 0.955 1.50111E-06 0.00150111
1e-6 0.50e-6 0.96 1.56904E-06 0.00156904
1e-6 0.50e-6 0.965 1.6386E-06 0.0016386
1e-6 0.50e-6 0.97 1.70979E-06 0.00170979
1e-6 0.50e-6 0.975 1.78258E-06 0.00178258
1e-6 0.50e-6 0.98 1.85699E-06 0.00185699
1e-6 0.50e-6 0.985 1.93298E-06 0.00193298
1e-6 0.50e-6 0.99 2.01057E-06 0.00201057
1e-6 0.50e-6 0.995 2.08972E-06 0.00208972
1e-6 0.50e-6 1 2.17044E-06 0.00217044
1e-6 0.50e-6 1.005 2.25272E-06 0.00225272
1e-6 0.50e-6 1.01 2.33654E-06 0.00233654
1e-6 0.50e-6 1.015 2.4219E-06 0.0024219
1e-6 0.50e-6 1.02 2.50879E-06 0.00250879
1e-6 0.50e-6 1.025 2.59719E-06 0.00259719
1e-6 0.50e-6 1.03 2.6871E-06 0.0026871
1e-6 0.50e-6 1.035 2.7785E-06 0.0027785
1e-6 0.50e-6 1.04 2.8714E-06 0.0028714
1e-6 0.50e-6 1.045 2.96577E-06 0.00296577
1e-6 0.50e-6 1.05 3.06161E-06 0.00306161
1e-6 0.50e-6 1.055 3.15892E-06 0.00315892
1e-6 0.50e-6 1.06 3.25767E-06 0.00325767
1e-6 0.50e-6 1.065 3.35788E-06 0.00335788
1e-6 0.50e-6 1.07 3.45952E-06 0.00345952
1e-6 0.50e-6 1.075 3.56259E-06 0.00356259
1e-6 0.50e-6 1.08 3.66707E-06 0.00366707
1e-6 0.50e-6 1.085 3.77298E-06 0.00377298
1e-6 0.50e-6 1.09 3.88028E-06 0.00388028
1e-6 0.50e-6 1.095 3.98899E-06 0.00398899
1e-6 0.50e-6 1.1 4.09908E-06 0.00409908
1e-6 0.50e-6 1.105 4.21056E-06 0.00421056
1e-6 0.50e-6 1.11 4.32341E-06 0.00432341
1e-6 0.50e-6 1.115 4.43763E-06 0.00443763
1e-6 0.50e-6 1.12 4.55322E-06 0.00455322
1e-6 0.50e-6 1.125 4.67016E-06 0.00467016
1e-6 0.50e-6 1.13 4.78845E-06 0.00478845
1e-6 0.50e-6 1.135 4.90808E-06 0.00490808
1e-6 0.50e-6 1.14 5.02905E-06 0.00502905
1e-6 0.50e-6 1.145 5.15134E-06 0.00515134
1e-6 0.50e-6 1.15 5.27497E-06 0.00527497
1e-6 0.50e-6 1.155 5.39991E-06 0.00539991
1e-6 0.50e-6 1.16 5.52616E-06 0.00552616
1e-6 0.50e-6 1.165 5.65372E-06 0.00565372
1e-6 0.50e-6 1.17 5.78258E-06 0.00578258
1e-6 0.50e-6 1.175 5.91273E-06 0.00591273
1e-6 0.50e-6 1.18 6.04417E-06 0.00604417
1e-6 0.50e-6 1.185 6.1769E-06 0.0061769
1e-6 0.50e-6 1.19 6.3109E-06 0.0063109
1e-6 0.50e-6 1.195 6.44618E-06 0.00644618
1e-6 0.50e-6 1.2 6.58272E-06 0.00658272
5e-6 0.28e-6 0.35 2.28023E-10 4.56047E-08
5e-6 0.28e-6 0.355 2.60312E-10 5.20624E-08
5e-6 0.28e-6 0.36 2.97185E-10 5.9437E-08
5e-6 0.28e-6 0.365 3.39289E-10 6.78578E-08
5e-6 0.28e-6 0.37 3.87355E-10 7.74711E-08
5e-6 0.28e-6 0.375 4.42225E-10 8.84449E-08
5e-6 0.28e-6 0.38 5.0485E-10 1.0097E-07
5e-6 0.28e-6 0.385 5.76314E-10 1.15263E-07
5e-6 0.28e-6 0.39 6.57851E-10 1.3157E-07
5e-6 0.28e-6 0.395 7.50863E-10 1.50173E-07
5e-6 0.28e-6 0.4 8.56944E-10 1.71389E-07
5e-6 0.28e-6 0.405 9.77904E-10 1.95581E-07
5e-6 0.28e-6 0.41 1.1158E-09 2.23161E-07
5e-6 0.28e-6 0.415 1.27297E-09 2.54595E-07
5e-6 0.28e-6 0.42 1.45206E-09 2.90412E-07
5e-6 0.28e-6 0.425 1.65607E-09 3.31213E-07
5e-6 0.28e-6 0.43 1.8884E-09 3.7768E-07
5e-6 0.28e-6 0.435 2.1529E-09 4.3058E-07
5e-6 0.28e-6 0.44 2.45394E-09 4.90789E-07
5e-6 0.28e-6 0.445 2.79646E-09 5.59291E-07
5e-6 0.28e-6 0.45 3.18601E-09 6.37202E-07
5e-6 0.28e-6 0.455 3.6289E-09 7.2578E-07
5e-6 0.28e-6 0.46 4.13223E-09 8.26446E-07
5e-6 0.28e-6 0.465 4.70402E-09 9.40804E-07
5e-6 0.28e-6 0.47 5.3533E-09 1.07066E-06
5e-6 0.28e-6 0.475 6.09022E-09 1.21804E-06
5e-6 0.28e-6 0.48 6.92622E-09 1.38524E-06
5e-6 0.28e-6 0.485 7.87415E-09 1.57483E-06
5e-6 0.28e-6 0.49 8.94843E-09 1.78969E-06
5e-6 0.28e-6 0.495 1.01652E-08 2.03305E-06
5e-6 0.28e-6 0.5 1.15427E-08 2.30854E-06
5e-6 0.28e-6 0.505 1.31011E-08 2.62023E-06
5e-6 0.28e-6 0.51 1.48632E-08 2.97264E-06
5e-6 0.28e-6 0.515 1.68543E-08 3.37086E-06
5e-6 0.28e-6 0.52 1.91026E-08 3.82053E-06
5e-6 0.28e-6 0.525 2.16398E-08 4.32797E-06
5e-6 0.28e-6 0.53 2.4501E-08 4.9002E-06
5e-6 0.28e-6 0.535 2.77252E-08 5.54504E-06
5e-6 0.28e-6 0.54 3.13559E-08 6.27117E-06
5e-6 0.28e-6 0.545 3.54412E-08 7.08824E-06
5e-6 0.28e-6 0.55 4.00347E-08 8.00695E-06
5e-6 0.28e-6 0.555 4.51957E-08 9.03914E-06
5e-6 0.28e-6 0.56 5.09897E-08 1.01979E-05
5e-6 0.28e-6 0.565 5.74892E-08 1.14978E-05
5e-6 0.28e-6 0.57 6.47745E-08 1.29549E-05
5e-6 0.28e-6 0.575 7.2934E-08 1.45868E-05
5e-6 0.28e-6 0.58 8.20652E-08 1.6413E-05
5e-6 0.28e-6 0.585 9.22757E-08 1.84551E-05
5e-6 0.28e-6 0.59 1.03684E-07 2.07367E-05
5e-6 0.28e-6 0.595 1.16419E-07 2.32838E-05
5e-6 0.28e-6 0.6 1.30625E-07 2.6125E-05
5e-6 0.28e-6 0.605 1.46457E-07 2.92914E-05
5e-6 0.28e-6 0.61 1.64088E-07 3.28175E-05
5e-6 0.28e-6 0.615 1.83704E-07 3.67407E-05
5e-6 0.28e-6 0.62 2.0551E-07 4.11019E-05
5e-6 0.28e-6 0.625 2.29728E-07 4.59456E-05
5e-6 0.28e-6 0.63 2.56602E-07 5.13203E-05
5e-6 0.28e-6 0.635 2.86392E-07 5.72784E-05
5e-6 0.28e-6 0.64 3.19384E-07 6.38768E-05
5e-6 0.28e-6 0.645 3.55883E-07 7.11766E-05
5e-6 0.28e-6 0.65 3.96219E-07 7.92438E-05
5e-6 0.28e-6 0.655 4.40744E-07 8.81489E-05
5e-6 0.28e-6 0.66 4.89836E-07 9.79671E-05
5e-6 0.28e-6 0.665 5.43894E-07 0.000108779
5e-6 0.28e-6 0.67 6.03343E-07 0.000120669
5e-6 0.28e-6 0.675 6.68631E-07 0.000133726
5e-6 0.28e-6 0.68 7.40227E-07 0.000148045
5e-6 0.28e-6 0.685 8.18624E-07 0.000163725
5e-6 0.28e-6 0.69 9.04331E-07 0.000180866
5e-6 0.28e-6 0.695 9.97878E-07 0.000199576
5e-6 0.28e-6 0.7 1.09981E-06 0.000219962
5e-6 0.28e-6 0.705 1.21068E-06 0.000242136
5e-6 0.28e-6 0.71 1.33106E-06 0.000266212
5e-6 0.28e-6 0.715 1.46152E-06 0.000292304
5e-6 0.28e-6 0.72 1.60264E-06 0.000320528
5e-6 0.28e-6 0.725 1.755E-06 0.000351001
5e-6 0.28e-6 0.73 1.91918E-06 0.000383836
5e-6 0.28e-6 0.735 2.09574E-06 0.000419149
5e-6 0.28e-6 0.74 2.28525E-06 0.000457051
5e-6 0.28e-6 0.745 2.48825E-06 0.000497651
5e-6 0.28e-6 0.75 2.70528E-06 0.000541055
5e-6 0.28e-6 0.755 2.93683E-06 0.000587367
5e-6 0.28e-6 0.76 3.18341E-06 0.000636683
5e-6 0.28e-6 0.765 3.44548E-06 0.000689096
5e-6 0.28e-6 0.77 3.72348E-06 0.000744695
5e-6 0.28e-6 0.775 4.01781E-06 0.000803561
5e-6 0.28e-6 0.78 4.32885E-06 0.000865771
5e-6 0.28e-6 0.785 4.65697E-06 0.000931394
5e-6 0.28e-6 0.79 5.00247E-06 0.00100049
5e-6 0.28e-6 0.795 5.36564E-06 0.00107313
5e-6 0.28e-6 0.8 5.74673E-06 0.00114935
5e-6 0.28e-6 0.805 6.14597E-06 0.00122919
5e-6 0.28e-6 0.81 6.56354E-06 0.00131271
5e-6 0.28e-6 0.815 6.99961E-06 0.00139992
5e-6 0.28e-6 0.82 7.4543E-06 0.00149086
5e-6 0.28e-6 0.825 7.92771E-06 0.00158554
5e-6 0.28e-6 0.83 8.41992E-06 0.00168398
5e-6 0.28e-6 0.835 8.93098E-06 0.0017862
5e-6 0.28e-6 0.84 9.4609E-06 0.00189218
5e-6 0.28e-6 0.845 1.00097E-05 0.00200194
5e-6 0.28e-6 0.85 1.05773E-05 0.00211546
5e-6 0.28e-6 0.855 1.11638E-05 0.00223275
5e-6 0.28e-6 0.86 1.17689E-05 0.00235378
5e-6 0.28e-6 0.865 1.23926E-05 0.00247852
5e-6 0.28e-6 0.87 1.30349E-05 0.00260697
5e-6 0.28e-6 0.875 1.36955E-05 0.0027391
5e-6 0.28e-6 0.88 1.43744E-05 0.00287488
5e-6 0.28e-6 0.885 1.50715E-05 0.0030143
5e-6 0.28e-6 0.89 1.57866E-05 0.00315732
5e-6 0.28e-6 0.895 1.65195E-05 0.00330391
5e-6 0.28e-6 0.9 1.72702E-05 0.00345404
5e-6 0.28e-6 0.905 1.80384E-05 0.00360768
5e-6 0.28e-6 0.91 1.8824E-05 0.0037648
5e-6 0.28e-6 0.915 1.96268E-05 0.00392536
5e-6 0.28e-6 0.92 2.04467E-05 0.00408934
5e-6 0.28e-6 0.925 2.12834E-05 0.00425669
5e-6 0.28e-6 0.93 2.21369E-05 0.00442738
5e-6 0.28e-6 0.935 2.30069E-05 0.00460138
5e-6 0.28e-6 0.94 2.38933E-05 0.00477866
5e-6 0.28e-6 0.945 2.47959E-05 0.00495917
5e-6 0.28e-6 0.95 2.57145E-05 0.00514289
5e-6 0.28e-6 0.955 2.66489E-05 0.00532979
5e-6 0.28e-6 0.96 2.75991E-05 0.00551982
5e-6 0.28e-6 0.965 2.85648E-05 0.00571295
5e-6 0.28e-6 0.97 2.95458E-05 0.00590916
5e-6 0.28e-6 0.975 3.05421E-05 0.00610841
5e-6 0.28e-6 0.98 3.15534E-05 0.00631067
5e-6 0.28e-6 0.985 3.25796E-05 0.00651591
5e-6 0.28e-6 0.99 3.36205E-05 0.0067241
5e-6 0.28e-6 0.995 3.4676E-05 0.00693521
5e-6 0.28e-6 1 3.5746E-05 0.0071492
5e-6 0.28e-6 1.005 3.68303E-05 0.00736606
5e-6 0.28e-6 1.01 3.79287E-05 0.00758574
5e-6 0.28e-6 1.015 3.90412E-05 0.00780823
5e-6 0.28e-6 1.02 4.01675E-05 0.0080335
5e-6 0.28e-6 1.025 4.13076E-05 0.00826152
5e-6 0.28e-6 1.03 4.24613E-05 0.00849226
5e-6 0.28e-6 1.035 4.36285E-05 0.0087257
5e-6 0.28e-6 1.04 4.48091E-05 0.00896181
5e-6 0.28e-6 1.045 4.60029E-05 0.00920058
5e-6 0.28e-6 1.05 4.72098E-05 0.00944197
5e-6 0.28e-6 1.055 4.84298E-05 0.00968596
5e-6 0.28e-6 1.06 4.96626E-05 0.00993252
5e-6 0.28e-6 1.065 5.09082E-05 0.0101816
5e-6 0.28e-6 1.07 5.21665E-05 0.0104333
5e-6 0.28e-6 1.075 5.34374E-05 0.0106875
5e-6 0.28e-6 1.08 5.47206E-05 0.0109441
5e-6 0.28e-6 1.085 5.60163E-05 0.0112033
5e-6 0.28e-6 1.09 5.73241E-05 0.0114648
5e-6 0.28e-6 1.095 5.86441E-05 0.0117288
5e-6 0.28e-6 1.1 5.99762E-05 0.0119952
5e-6 0.28e-6 1.105 6.13201E-05 0.012264
5e-6 0.28e-6 1.11 6.26759E-05 0.0125352
5e-6 0.28e-6 1.115 6.40435E-05 0.0128087
5e-6 0.28e-6 1.12 6.54227E-05 0.0130845
5e-6 0.28e-6 1.125 6.68134E-05 0.0133627
5e-6 0.28e-6 1.13 6.82157E-05 0.0136431
5e-6 0.28e-6 1.135 6.96292E-05 0.0139258
5e-6 0.28e-6 1.14 7.10541E-05 0.0142108
5e-6 0.28e-6 1.145 7.24902E-05 0.014498
5e-6 0.28e-6 1.15 7.39373E-05 0.0147875
5e-6 0.28e-6 1.155 7.53955E-05 0.0150791
5e-6 0.28e-6 1.16 7.68647E-05 0.0153729
5e-6 0.28e-6 1.165 7.83446E-05 0.0156689
5e-6 0.28e-6 1.17 7.98354E-05 0.0159671
5e-6 0.28e-6 1.175 8.13368E-05 0.0162674
5e-6 0.28e-6 1.18 8.28488E-05 0.0165698
5e-6 0.28e-6 1.185 8.43714E-05 0.0168743
5e-6 0.28e-6 1.19 8.59044E-05 0.0171809
5e-6 0.28e-6 1.195 8.74478E-05 0.0174896
5e-6 0.28e-6 1.2 8.90014E-05 0.0178003
5e-6 0.36e-6 0.35 4.59004E-11 9.18007E-09
5e-6 0.36e-6 0.355 5.22446E-11 1.04489E-08
5e-6 0.36e-6 0.36 5.94967E-11 1.18993E-08
5e-6 0.36e-6 0.365 6.77903E-11 1.35581E-08
5e-6 0.36e-6 0.37 7.72691E-11 1.54538E-08
5e-6 0.36e-6 0.375 8.81073E-11 1.76215E-08
5e-6 0.36e-6 0.38 1.00497E-10 2.00994E-08
5e-6 0.36e-6 0.385 1.14655E-10 2.2931E-08
5e-6 0.36e-6 0.39 1.30838E-10 2.61676E-08
5e-6 0.36e-6 0.395 1.4933E-10 2.98659E-08
5e-6 0.36e-6 0.4 1.70457E-10 3.40914E-08
5e-6 0.36e-6 0.405 1.94596E-10 3.89192E-08
5e-6 0.36e-6 0.41 2.2217E-10 4.4434E-08
5e-6 0.36e-6 0.415 2.53665E-10 5.0733E-08
5e-6 0.36e-6 0.42 2.89631E-10 5.79262E-08
5e-6 0.36e-6 0.425 3.30697E-10 6.61394E-08
5e-6 0.36e-6 0.43 3.77577E-10 7.55155E-08
5e-6 0.36e-6 0.435 4.3109E-10 8.6218E-08
5e-6 0.36e-6 0.44 4.9216E-10 9.84319E-08
5e-6 0.36e-6 0.445 5.61837E-10 1.12367E-07
5e-6 0.36e-6 0.45 6.41322E-10 1.28264E-07
5e-6 0.36e-6 0.455 7.31973E-10 1.46395E-07
5e-6 0.36e-6 0.46 8.35334E-10 1.67067E-07
5e-6 0.36e-6 0.465 9.53157E-10 1.90631E-07
5e-6 0.36e-6 0.47 1.08743E-09 2.17486E-07
5e-6 0.36e-6 0.475 1.24041E-09 2.48082E-07
5e-6 0.36e-6 0.48 1.41464E-09 2.82928E-07
5e-6 0.36e-6 0.485 1.61302E-09 3.22604E-07
5e-6 0.36e-6 0.49 1.83881E-09 3.67762E-07
5e-6 0.36e-6 0.495 2.09572E-09 4.19144E-07
5e-6 0.36e-6 0.5 2.38792E-09 4.77584E-07
5e-6 0.36e-6 0.505 2.72013E-09 5.44025E-07
5e-6 0.36e-6 0.51 3.09766E-09 6.19533E-07
5e-6 0.36e-6 0.515 3.52653E-09 7.05306E-07
5e-6 0.36e-6 0.52 4.01348E-09 8.02696E-07
5e-6 0.36e-6 0.525 4.56612E-09 9.13225E-07
5e-6 0.36e-6 0.53 5.193E-09 1.0386E-06
5e-6 0.36e-6 0.535 5.90372E-09 1.18074E-06
5e-6 0.36e-6 0.54 6.70906E-09 1.34181E-06
5e-6 0.36e-6 0.545 7.62109E-09 1.52422E-06
5e-6 0.36e-6 0.55 8.65336E-09 1.73067E-06
5e-6 0.36e-6 0.555 9.821E-09 1.9642E-06
5e-6 0.36e-6 0.56 1.11409E-08 2.22819E-06
5e-6 0.36e-6 0.565 1.26321E-08 2.52642E-06
5e-6 0.36e-6 0.57 1.43156E-08 2.86311E-06
5e-6 0.36e-6 0.575 1.62148E-08 3.24297E-06
5e-6 0.36e-6 0.58 1.83561E-08 3.67123E-06
5e-6 0.36e-6 0.585 2.07685E-08 4.15371E-06
5e-6 0.36e-6 0.59 2.34844E-08 4.69689E-06
5e-6 0.36e-6 0.595 2.65398E-08 5.30796E-06
5e-6 0.36e-6 0.6 2.99745E-08 5.9949E-06
5e-6 0.36e-6 0.605 3.38328E-08 6.76655E-06
5e-6 0.36e-6 0.61 3.81635E-08 7.63271E-06
5e-6 0.36e-6 0.615 4.3021E-08 8.6042E-06
5e-6 0.36e-6 0.62 4.84651E-08 9.69302E-06
5e-6 0.36e-6 0.625 5.4562E-08 1.09124E-05
5e-6 0.36e-6 0.63 6.13847E-08 1.22769E-05
5e-6 0.36e-6 0.635 6.90137E-08 1.38027E-05
5e-6 0.36e-6 0.64 7.75378E-08 1.55076E-05
5e-6 0.36e-6 0.645 8.70545E-08 1.74109E-05
5e-6 0.36e-6 0.65 9.7671E-08 1.95342E-05
5e-6 0.36e-6 0.655 1.09505E-07 2.1901E-05
5e-6 0.36e-6 0.66 1.22685E-07 2.45371E-05
5e-6 0.36e-6 0.665 1.37353E-07 2.74706E-05
5e-6 0.36e-6 0.67 1.53662E-07 3.07324E-05
5e-6 0.36e-6 0.675 1.71779E-07 3.43559E-05
5e-6 0.36e-6 0.68 1.91888E-07 3.83775E-05
5e-6 0.36e-6 0.685 2.14184E-07 4.28368E-05
5e-6 0.36e-6 0.69 2.38882E-07 4.77763E-05
5e-6 0.36e-6 0.695 2.6621E-07 5.3242E-05
5e-6 0.36e-6 0.7 2.96416E-07 5.92832E-05
5e-6 0.36e-6 0.705 3.29763E-07 6.59525E-05
5e-6 0.36e-6 0.71 3.66531E-07 7.33062E-05
5e-6 0.36e-6 0.715 4.07019E-07 8.14039E-05
5e-6 0.36e-6 0.72 4.51542E-07 9.03084E-05
5e-6 0.36e-6 0.725 5.0043E-07 0.000100086
5e-6 0.36e-6 0.73 5.5403E-07 0.000110806
5e-6 0.36e-6 0.735 6.12703E-07 0.000122541
5e-6 0.36e-6 0.74 6.76822E-07 0.000135364
5e-6 0.36e-6 0.745 7.46774E-07 0.000149355
5e-6 0.36e-6 0.75 8.22952E-07 0.00016459
5e-6 0.36e-6 0.755 9.05761E-07 0.000181152
5e-6 0.36e-6 0.76 9.9561E-07 0.000199122
5e-6 0.36e-6 0.765 1.09291E-06 0.000218582
5e-6 0.36e-6 0.77 1.19808E-06 0.000239615
5e-6 0.36e-6 0.775 1.31152E-06 0.000262304
5e-6 0.36e-6 0.78 1.43365E-06 0.000286731
5e-6 0.36e-6 0.785 1.56487E-06 0.000312975
5e-6 0.36e-6 0.79 1.70558E-06 0.000341116
5e-6 0.36e-6 0.795 1.85616E-06 0.000371231
5e-6 0.36e-6 0.8 2.01697E-06 0.000403395
5e-6 0.36e-6 0.805 2.18839E-06 0.000437678
5e-6 0.36e-6 0.81 2.37074E-06 0.000474149
5e-6 0.36e-6 0.815 2.56436E-06 0.000512872
5e-6 0.36e-6 0.82 2.76954E-06 0.000553909
5e-6 0.36e-6 0.825 2.98658E-06 0.000597315
5e-6 0.36e-6 0.83 3.21572E-06 0.000643145
5e-6 0.36e-6 0.835 3.45723E-06 0.000691445
5e-6 0.36e-6 0.84 3.71131E-06 0.000742261
5e-6 0.36e-6 0.845 3.97816E-06 0.000795632
5e-6 0.36e-6 0.85 4.25796E-06 0.000851592
5e-6 0.36e-6 0.855 4.55086E-06 0.000910173
5e-6 0.36e-6 0.86 4.85698E-06 0.000971396
5e-6 0.36e-6 0.865 5.17642E-06 0.00103528
5e-6 0.36e-6 0.87 5.50926E-06 0.00110185
5e-6 0.36e-6 0.875 5.85558E-06 0.00117112
5e-6 0.36e-6 0.88 6.21543E-06 0.00124309
5e-6 0.36e-6 0.885 6.58884E-06 0.00131777
5e-6 0.36e-6 0.89 6.97583E-06 0.00139517
5e-6 0.36e-6 0.895 7.37641E-06 0.00147528
5e-6 0.36e-6 0.9 7.79056E-06 0.00155811
5e-6 0.36e-6 0.905 8.21826E-06 0.00164365
5e-6 0.36e-6 0.91 8.65949E-06 0.0017319
5e-6 0.36e-6 0.915 9.11418E-06 0.00182284
5e-6 0.36e-6 0.92 9.58229E-06 0.00191646
5e-6 0.36e-6 0.925 1.00638E-05 0.00201275
5e-6 0.36e-6 0.93 1.05585E-05 0.0021117
5e-6 0.36e-6 0.935 1.10665E-05 0.00221329
5e-6 0.36e-6 0.94 1.15876E-05 0.00231751
5e-6 0.36e-6 0.945 1.21217E-05 0.00242433
5e-6 0.36e-6 0.95 1.26687E-05 0.00253375
5e-6 0.36e-6 0.955 1.32287E-05 0.00264573
5e-6 0.36e-6 0.96 1.38013E-05 0.00276027
5e-6 0.36e-6 0.965 1.43867E-05 0.00287733
5e-6 0.36e-6 0.97 1.49845E-05 0.00299691
5e-6 0.36e-6 0.975 1.55949E-05 0.00311897
5e-6 0.36e-6 0.98 1.62175E-05 0.00324351
5e-6 0.36e-6 0.985 1.68525E-05 0.00337049
5e-6 0.36e-6 0.99 1.74995E-05 0.0034999
5e-6 0.36e-6 0.995 1.81586E-05 0.00363172
5e-6 0.36e-6 1 1.88296E-05 0.00376593
5e-6 0.36e-6 1.005 1.95125E-05 0.0039025
5e-6 0.36e-6 1.01 2.02071E-05 0.00404142
5e-6 0.36e-6 1.015 2.09133E-05 0.00418266
5e-6 0.36e-6 1.02 2.16311E-05 0.00432622
5e-6 0.36e-6 1.025 2.23603E-05 0.00447206
5e-6 0.36e-6 1.03 2.31008E-05 0.00462016
5e-6 0.36e-6 1.035 2.38526E-05 0.00477052
5e-6 0.36e-6 1.04 2.46155E-05 0.00492311
5e-6 0.36e-6 1.045 2.53895E-05 0.00507791
5e-6 0.36e-6 1.05 2.61745E-05 0.0052349
5e-6 0.36e-6 1.055 2.69704E-05 0.00539408
5e-6 0.36e-6 1.06 2.77771E-05 0.00555541
5e-6 0.36e-6 1.065 2.85944E-05 0.00571889
5e-6 0.36e-6 1.07 2.94225E-05 0.00588449
5e-6 0.36e-6 1.075 3.0261E-05 0.00605221
5e-6 0.36e-6 1.08 3.11101E-05 0.00622202
5e-6 0.36e-6 1.085 3.19695E-05 0.00639391
5e-6 0.36e-6 1.09 3.28393E-05 0.00656786
5e-6 0.36e-6 1.095 3.37193E-05 0.00674386
5e-6 0.36e-6 1.1 3.46095E-05 0.0069219
5e-6 0.36e-6 1.105 3.55098E-05 0.00710195
5e-6 0.36e-6 1.11 3.64201E-05 0.00728402
5e-6 0.36e-6 1.115 3.73403E-05 0.00746807
5e-6 0.36e-6 1.12 3.82705E-05 0.0076541
5e-6 0.36e-6 1.125 3.92105E-05 0.00784209
5e-6 0.36e-6 1.13 4.01602E-05 0.00803204
5e-6 0.36e-6 1.135 4.11196E-05 0.00822393
5e-6 0.36e-6 1.14 4.20887E-05 0.00841773
5e-6 0.36e-6 1.145 4.30673E-05 0.00861346
5e-6 0.36e-6 1.15 4.40554E-05 0.00881108
5e-6 0.36e-6 1.155 4.50529E-05 0.00901059
5e-6 0.36e-6 1.16 4.60599E-05 0.00921197
5e-6 0.36e-6 1.165 4.70761E-05 0.00941522
5e-6 0.36e-6 1.17 4.81016E-05 0.00962032
5e-6 0.36e-6 1.175 4.91363E-05 0.00982726
5e-6 0.36e-6 1.18 5.01802E-05 0.010036
5e-6 0.36e-6 1.185 5.12331E-05 0.0102466
5e-6 0.36e-6 1.19 5.22951E-05 0.010459
5e-6 0.36e-6 1.195 5.3366E-05 0.0106732
5e-6 0.36e-6 1.2 5.44459E-05 0.0108892
5e-6 0.50e-6 0.35 1.72837E-11 3.45675E-09
5e-6 0.50e-6 0.355 1.95185E-11 3.90371E-09
5e-6 0.50e-6 0.36 2.20754E-11 4.41508E-09
5e-6 0.50e-6 0.365 2.50014E-11 5.00028E-09
5e-6 0.50e-6 0.37 2.83469E-11 5.66938E-09
5e-6 0.50e-6 0.375 3.21749E-11 6.43498E-09
5e-6 0.50e-6 0.38 3.65517E-11 7.31034E-09
5e-6 0.50e-6 0.385 4.15576E-11 8.31152E-09
5e-6 0.50e-6 0.39 4.72844E-11 9.45688E-09
5e-6 0.50e-6 0.395 5.38322E-11 1.07664E-08
5e-6 0.50e-6 0.4 6.13171E-11 1.22634E-08
5e-6 0.50e-6 0.405 6.98766E-11 1.39753E-08
5e-6 0.50e-6 0.41 7.96604E-11 1.59321E-08
5e-6 0.50e-6 0.415 9.08453E-11 1.81691E-08
5e-6 0.50e-6 0.42 1.03629E-10 2.07258E-08
5e-6 0.50e-6 0.425 1.18238E-10 2.36476E-08
5e-6 0.50e-6 0.43 1.34933E-10 2.69865E-08
5e-6 0.50e-6 0.435 1.54005E-10 3.0801E-08
5e-6 0.50e-6 0.44 1.75791E-10 3.51582E-08
5e-6 0.50e-6 0.445 2.00679E-10 4.01358E-08
5e-6 0.50e-6 0.45 2.29098E-10 4.58196E-08
5e-6 0.50e-6 0.455 2.61546E-10 5.23092E-08
5e-6 0.50e-6 0.46 2.9859E-10 5.9718E-08
5e-6 0.50e-6 0.465 3.40871E-10 6.81742E-08
5e-6 0.50e-6 0.47 3.89118E-10 7.78236E-08
5e-6 0.50e-6 0.475 4.44161E-10 8.88321E-08
5e-6 0.50e-6 0.48 5.06942E-10 1.01388E-07
5e-6 0.50e-6 0.485 5.78534E-10 1.15707E-07
5e-6 0.50e-6 0.49 6.60147E-10 1.32029E-07
5e-6 0.50e-6 0.495 7.53163E-10 1.50633E-07
5e-6 0.50e-6 0.5 8.59141E-10 1.71828E-07
5e-6 0.50e-6 0.505 9.79848E-10 1.9597E-07
5e-6 0.50e-6 0.51 1.11729E-09 2.23457E-07
5e-6 0.50e-6 0.515 1.27372E-09 2.54744E-07
5e-6 0.50e-6 0.52 1.45171E-09 2.90342E-07
5e-6 0.50e-6 0.525 1.65414E-09 3.30829E-07
5e-6 0.50e-6 0.53 1.88429E-09 3.76858E-07
5e-6 0.50e-6 0.535 2.14583E-09 4.29166E-07
5e-6 0.50e-6 0.54 2.4429E-09 4.88581E-07
5e-6 0.50e-6 0.545 2.78019E-09 5.56037E-07
5e-6 0.50e-6 0.55 3.16293E-09 6.32585E-07
5e-6 0.50e-6 0.555 3.59704E-09 7.19407E-07
5e-6 0.50e-6 0.56 4.08914E-09 8.17828E-07
5e-6 0.50e-6 0.565 4.64667E-09 9.29334E-07
5e-6 0.50e-6 0.57 5.27797E-09 1.05559E-06
5e-6 0.50e-6 0.575 5.99236E-09 1.19847E-06
5e-6 0.50e-6 0.58 6.8003E-09 1.36006E-06
5e-6 0.50e-6 0.585 7.71343E-09 1.54269E-06
5e-6 0.50e-6 0.59 8.7448E-09 1.74896E-06
5e-6 0.50e-6 0.595 9.90891E-09 1.98178E-06
5e-6 0.50e-6 0.6 1.1222E-08 2.24439E-06
5e-6 0.50e-6 0.605 1.2702E-08 2.5404E-06
5e-6 0.50e-6 0.61 1.4369E-08 2.8738E-06
5e-6 0.50e-6 0.615 1.62453E-08 3.24907E-06
5e-6 0.50e-6 0.62 1.83557E-08 3.67113E-06
5e-6 0.50e-6 0.625 2.07274E-08 4.14549E-06
5e-6 0.50e-6 0.63 2.33911E-08 4.67822E-06
5e-6 0.50e-6 0.635 2.63803E-08 5.27606E-06
5e-6 0.50e-6 0.64 2.97324E-08 5.94647E-06
5e-6 0.50e-6 0.645 3.34885E-08 6.6977E-06
5e-6 0.50e-6 0.65 3.76942E-08 7.53884E-06
5e-6 0.50e-6 0.655 4.23998E-08 8.47996E-06
5e-6 0.50e-6 0.66 4.76607E-08 9.53214E-06
5e-6 0.50e-6 0.665 5.35379E-08 1.07076E-05
5e-6 0.50e-6 0.67 6.00987E-08 1.20197E-05
5e-6 0.50e-6 0.675 6.74167E-08 1.34833E-05
5e-6 0.50e-6 0.68 7.5573E-08 1.51146E-05
5e-6 0.50e-6 0.685 8.46561E-08 1.69312E-05
5e-6 0.50e-6 0.69 9.47631E-08 1.89526E-05
5e-6 0.50e-6 0.695 1.06E-07 2.11999E-05
5e-6 0.50e-6 0.7 1.18481E-07 2.36962E-05
5e-6 0.50e-6 0.705 1.32331E-07 2.64663E-05
5e-6 0.50e-6 0.71 1.47687E-07 2.95373E-05
5e-6 0.50e-6 0.715 1.64692E-07 3.29385E-05
5e-6 0.50e-6 0.72 1.83506E-07 3.67011E-05
5e-6 0.50e-6 0.725 2.04294E-07 4.08589E-05
5e-6 0.50e-6 0.73 2.27238E-07 4.54477E-05
5e-6 0.50e-6 0.735 2.52528E-07 5.05056E-05
5e-6 0.50e-6 0.74 2.80366E-07 5.60732E-05
5e-6 0.50e-6 0.745 3.10965E-07 6.21929E-05
5e-6 0.50e-6 0.75 3.44548E-07 6.89095E-05
5e-6 0.50e-6 0.755 3.81348E-07 7.62697E-05
5e-6 0.50e-6 0.76 4.21609E-07 8.43218E-05
5e-6 0.50e-6 0.765 4.65581E-07 9.31161E-05
5e-6 0.50e-6 0.77 5.1352E-07 0.000102704
5e-6 0.50e-6 0.775 5.65692E-07 0.000113138
5e-6 0.50e-6 0.78 6.22364E-07 0.000124473
5e-6 0.50e-6 0.785 6.83808E-07 0.000136762
5e-6 0.50e-6 0.79 7.50297E-07 0.000150059
5e-6 0.50e-6 0.795 8.22104E-07 0.000164421
5e-6 0.50e-6 0.8 8.99501E-07 0.0001799
5e-6 0.50e-6 0.805 9.82758E-07 0.000196552
5e-6 0.50e-6 0.81 1.07214E-06 0.000214428
5e-6 0.50e-6 0.815 1.16791E-06 0.000233581
5e-6 0.50e-6 0.82 1.27031E-06 0.000254061
5e-6 0.50e-6 0.825 1.37959E-06 0.000275917
5e-6 0.50e-6 0.83 1.49598E-06 0.000299196
5e-6 0.50e-6 0.835 1.61971E-06 0.000323941
5e-6 0.50e-6 0.84 1.75098E-06 0.000350196
5e-6 0.50e-6 0.845 1.89E-06 0.000378001
5e-6 0.50e-6 0.85 2.03696E-06 0.000407392
5e-6 0.50e-6 0.855 2.19202E-06 0.000438404
5e-6 0.50e-6 0.86 2.35533E-06 0.000471066
5e-6 0.50e-6 0.865 2.52703E-06 0.000505406
5e-6 0.50e-6 0.87 2.70726E-06 0.000541451
5e-6 0.50e-6 0.875 2.89612E-06 0.000579223
5e-6 0.50e-6 0.88 3.09372E-06 0.000618743
5e-6 0.50e-6 0.885 3.30014E-06 0.000660028
5e-6 0.50e-6 0.89 3.51547E-06 0.000703094
5e-6 0.50e-6 0.895 3.73976E-06 0.000747952
5e-6 0.50e-6 0.9 3.97307E-06 0.000794613
5e-6 0.50e-6 0.905 4.21543E-06 0.000843085
5e-6 0.50e-6 0.91 4.46687E-06 0.000893375
5e-6 0.50e-6 0.915 4.72742E-06 0.000945485
5e-6 0.50e-6 0.92 4.99709E-06 0.000999418
5e-6 0.50e-6 0.925 5.27587E-06 0.00105517
5e-6 0.50e-6 0.93 5.56376E-06 0.00111275
5e-6 0.50e-6 0.935 5.86074E-06 0.00117215
5e-6 0.50e-6 0.94 6.1668E-06 0.00123336
5e-6 0.50e-6 0.945 6.48191E-06 0.00129638
5e-6 0.50e-6 0.95 6.80604E-06 0.00136121
5e-6 0.50e-6 0.955 7.13916E-06 0.00142783
5e-6 0.50e-6 0.96 7.48122E-06 0.00149624
5e-6 0.50e-6 0.965 7.83218E-06 0.00156644
5e-6 0.50e-6 0.97 8.192E-06 0.0016384
5e-6 0.50e-6 0.975 8.56062E-06 0.00171212
5e-6 0.50e-6 0.98 8.938E-06 0.0017876
5e-6 0.50e-6 0.985 9.32409E-06 0.00186482
5e-6 0.50e-6 0.99 9.71882E-06 0.00194376
5e-6 0.50e-6 0.995 1.01222E-05 0.00202443
5e-6 0.50e-6 1 1.0534E-05 0.00210681
5e-6 0.50e-6 1.005 1.09544E-05 0.00219088
5e-6 0.50e-6 1.01 1.13832E-05 0.00227663
5e-6 0.50e-6 1.015 1.18203E-05 0.00236407
5e-6 0.50e-6 1.02 1.22658E-05 0.00245316
5e-6 0.50e-6 1.025 1.27195E-05 0.00254391
5e-6 0.50e-6 1.03 1.31815E-05 0.00263629
5e-6 0.50e-6 1.035 1.36516E-05 0.00273031
5e-6 0.50e-6 1.04 1.41297E-05 0.00282595
5e-6 0.50e-6 1.045 1.4616E-05 0.00292319
5e-6 0.50e-6 1.05 1.51102E-05 0.00302204
5e-6 0.50e-6 1.055 1.56123E-05 0.00312247
5e-6 0.50e-6 1.06 1.61224E-05 0.00322447
5e-6 0.50e-6 1.065 1.66402E-05 0.00332805
5e-6 0.50e-6 1.07 1.71659E-05 0.00343318
5e-6 0.50e-6 1.075 1.76993E-05 0.00353986
5e-6 0.50e-6 1.08 1.82404E-05 0.00364807
5e-6 0.50e-6 1.085 1.87891E-05 0.00375782
5e-6 0.50e-6 1.09 1.93454E-05 0.00386908
5e-6 0.50e-6 1.095 1.99093E-05 0.00398186
5e-6 0.50e-6 1.1 2.04807E-05 0.00409613
5e-6 0.50e-6 1.105 2.10595E-05 0.0042119
5e-6 0.50e-6 1.11 2.16458E-05 0.00432916
5e-6 0.50e-6 1.115 2.22394E-05 0.00444789
5e-6 0.50e-6 1.12 2.28404E-05 0.00456808
5e-6 0.50e-6 1.125 2.34487E-05 0.00468974
5e-6 0.50e-6 1.13 2.40643E-05 0.00481285
5e-6 0.50e-6 1.135 2.4687E-05 0.0049374
5e-6 0.50e-6 1.14 2.5317E-05 0.0050634
5e-6 0.50e-6 1.145 2.59541E-05 0.00519081
5e-6 0.50e-6 1.15 2.65983E-05 0.00531966
5e-6 0.50e-6 1.155 2.72496E-05 0.00544991
5e-6 0.50e-6 1.16 2.79079E-05 0.00558158
5e-6 0.50e-6 1.165 2.85732E-05 0.00571464
5e-6 0.50e-6 1.17 2.92455E-05 0.0058491
5e-6 0.50e-6 1.175 2.99247E-05 0.00598495
5e-6 0.50e-6 1.18 3.06109E-05 0.00612217
5e-6 0.50e-6 1.185 3.13039E-05 0.00626077
5e-6 0.50e-6 1.19 3.20037E-05 0.00640074
5e-6 0.50e-6 1.195 3.27103E-05 0.00654206
5e-6 0.50e-6 1.2 3.34237E-05 0.00668475
10e-6 0.28e-6 0.35 4.22419E-10 4.22419E-08
10e-6 0.28e-6 0.355 4.82478E-10 4.82478E-08
10e-6 0.28e-6 0.36 5.5107E-10 5.5107E-08
10e-6 0.28e-6 0.365 6.29392E-10 6.29392E-08
10e-6 0.28e-6 0.37 7.18819E-10 7.18819E-08
10e-6 0.28e-6 0.375 8.20915E-10 8.20915E-08
10e-6 0.28e-6 0.38 9.37446E-10 9.37446E-08
10e-6 0.28e-6 0.385 1.07045E-09 1.07045E-07
10e-6 0.28e-6 0.39 1.2222E-09 1.2222E-07
10e-6 0.28e-6 0.395 1.39534E-09 1.39534E-07
10e-6 0.28e-6 0.4 1.59283E-09 1.59283E-07
10e-6 0.28e-6 0.405 1.81805E-09 1.81805E-07
10e-6 0.28e-6 0.41 2.07484E-09 2.07484E-07
10e-6 0.28e-6 0.415 2.36757E-09 2.36757E-07
10e-6 0.28e-6 0.42 2.70116E-09 2.70116E-07
10e-6 0.28e-6 0.425 3.08124E-09 3.08124E-07
10e-6 0.28e-6 0.43 3.51417E-09 3.51417E-07
10e-6 0.28e-6 0.435 4.00715E-09 4.00715E-07
10e-6 0.28e-6 0.44 4.56833E-09 4.56833E-07
10e-6 0.28e-6 0.445 5.20695E-09 5.20695E-07
10e-6 0.28e-6 0.45 5.93344E-09 5.93344E-07
10e-6 0.28e-6 0.455 6.7596E-09 6.7596E-07
10e-6 0.28e-6 0.46 7.69874E-09 7.69874E-07
10e-6 0.28e-6 0.465 8.76589E-09 8.76589E-07
10e-6 0.28e-6 0.47 9.97797E-09 9.97797E-07
10e-6 0.28e-6 0.475 1.13541E-08 1.13541E-06
10e-6 0.28e-6 0.48 1.29157E-08 1.29157E-06
10e-6 0.28e-6 0.485 1.46869E-08 1.46869E-06
10e-6 0.28e-6 0.49 1.66949E-08 1.66949E-06
10e-6 0.28e-6 0.495 1.897E-08 1.897E-06
10e-6 0.28e-6 0.5 2.15465E-08 2.15465E-06
10e-6 0.28e-6 0.505 2.44625E-08 2.44625E-06
10e-6 0.28e-6 0.51 2.77608E-08 2.77608E-06
10e-6 0.28e-6 0.515 3.14893E-08 3.14893E-06
10e-6 0.28e-6 0.52 3.57012E-08 3.57012E-06
10e-6 0.28e-6 0.525 4.04563E-08 4.04563E-06
10e-6 0.28e-6 0.53 4.58208E-08 4.58208E-06
10e-6 0.28e-6 0.535 5.18687E-08 5.18687E-06
10e-6 0.28e-6 0.54 5.86821E-08 5.86821E-06
10e-6 0.28e-6 0.545 6.63523E-08 6.63523E-06
10e-6 0.28e-6 0.55 7.49806E-08 7.49806E-06
10e-6 0.28e-6 0.555 8.46794E-08 8.46794E-06
10e-6 0.28e-6 0.56 9.55731E-08 9.55731E-06
10e-6 0.28e-6 0.565 1.07799E-07 1.07799E-05
10e-6 0.28e-6 0.57 1.2151E-07 1.2151E-05
10e-6 0.28e-6 0.575 1.36874E-07 1.36874E-05
10e-6 0.28e-6 0.58 1.54077E-07 1.54077E-05
10e-6 0.28e-6 0.585 1.73322E-07 1.73322E-05
10e-6 0.28e-6 0.59 1.94835E-07 1.94835E-05
10e-6 0.28e-6 0.595 2.18863E-07 2.18863E-05
10e-6 0.28e-6 0.6 2.45679E-07 2.45679E-05
10e-6 0.28e-6 0.605 2.75582E-07 2.75582E-05
10e-6 0.28e-6 0.61 3.08898E-07 3.08898E-05
10e-6 0.28e-6 0.615 3.45985E-07 3.45985E-05
10e-6 0.28e-6 0.62 3.87235E-07 3.87235E-05
10e-6 0.28e-6 0.625 4.33075E-07 4.33075E-05
10e-6 0.28e-6 0.63 4.83969E-07 4.83969E-05
10e-6 0.28e-6 0.635 5.40421E-07 5.40421E-05
10e-6 0.28e-6 0.64 6.02978E-07 6.02978E-05
10e-6 0.28e-6 0.645 6.72229E-07 6.72229E-05
10e-6 0.28e-6 0.65 7.48811E-07 7.48811E-05
10e-6 0.28e-6 0.655 8.33407E-07 8.33407E-05
10e-6 0.28e-6 0.66 9.26747E-07 9.26747E-05
10e-6 0.28e-6 0.665 1.02961E-06 0.000102961
10e-6 0.28e-6 0.67 1.14282E-06 0.000114282
10e-6 0.28e-6 0.675 1.26726E-06 0.000126726
10e-6 0.28e-6 0.68 1.40385E-06 0.000140385
10e-6 0.28e-6 0.685 1.55354E-06 0.000155354
10e-6 0.28e-6 0.69 1.71736E-06 0.000171736
10e-6 0.28e-6 0.695 1.89634E-06 0.000189634
10e-6 0.28e-6 0.7 2.09157E-06 0.000209157
10e-6 0.28e-6 0.705 2.30414E-06 0.000230414
10e-6 0.28e-6 0.71 2.53521E-06 0.000253521
10e-6 0.28e-6 0.715 2.78591E-06 0.000278591
10e-6 0.28e-6 0.72 3.05741E-06 0.000305741
10e-6 0.28e-6 0.725 3.35089E-06 0.000335089
10e-6 0.28e-6 0.73 3.6675E-06 0.00036675
10e-6 0.28e-6 0.735 4.0084E-06 0.00040084
10e-6 0.28e-6 0.74 4.37474E-06 0.000437474
10e-6 0.28e-6 0.745 4.76764E-06 0.000476764
10e-6 0.28e-6 0.75 5.18818E-06 0.000518818
10e-6 0.28e-6 0.755 5.63743E-06 0.000563743
10e-6 0.28e-6 0.76 6.1164E-06 0.00061164
10e-6 0.28e-6 0.765 6.62605E-06 0.000662605
10e-6 0.28e-6 0.77 7.16731E-06 0.000716731
10e-6 0.28e-6 0.775 7.74104E-06 0.000774104
10e-6 0.28e-6 0.78 8.34804E-06 0.000834804
10e-6 0.28e-6 0.785 8.98905E-06 0.000898905
10e-6 0.28e-6 0.79 9.66476E-06 0.000966476
10e-6 0.28e-6 0.795 1.03758E-05 0.00103758
10e-6 0.28e-6 0.8 1.11226E-05 0.00111226
10e-6 0.28e-6 0.805 1.19059E-05 0.00119059
10e-6 0.28e-6 0.81 1.27258E-05 0.00127258
10e-6 0.28e-6 0.815 1.35829E-05 0.00135829
10e-6 0.28e-6 0.82 1.44775E-05 0.00144775
10e-6 0.28e-6 0.825 1.54096E-05 0.00154096
10e-6 0.28e-6 0.83 1.63796E-05 0.00163796
10e-6 0.28e-6 0.835 1.73876E-05 0.00173876
10e-6 0.28e-6 0.84 1.84336E-05 0.00184336
10e-6 0.28e-6 0.845 1.95176E-05 0.00195176
10e-6 0.28e-6 0.85 2.06397E-05 0.00206397
10e-6 0.28e-6 0.855 2.17997E-05 0.00217997
10e-6 0.28e-6 0.86 2.29976E-05 0.00229976
10e-6 0.28e-6 0.865 2.4233E-05 0.0024233
10e-6 0.28e-6 0.87 2.55059E-05 0.00255059
10e-6 0.28e-6 0.875 2.6816E-05 0.0026816
10e-6 0.28e-6 0.88 2.81631E-05 0.00281631
10e-6 0.28e-6 0.885 2.9547E-05 0.0029547
10e-6 0.28e-6 0.89 3.09673E-05 0.00309673
10e-6 0.28e-6 0.895 3.24238E-05 0.00324238
10e-6 0.28e-6 0.9 3.39162E-05 0.00339162
10e-6 0.28e-6 0.905 3.54441E-05 0.00354441
10e-6 0.28e-6 0.91 3.70073E-05 0.00370073
10e-6 0.28e-6 0.915 3.86054E-05 0.00386054
10e-6 0.28e-6 0.92 4.0238E-05 0.0040238
10e-6 0.28e-6 0.925 4.19049E-05 0.00419049
10e-6 0.28e-6 0.93 4.36057E-05 0.00436057
10e-6 0.28e-6 0.935 4.53399E-05 0.00453399
10e-6 0.28e-6 0.94 4.71074E-05 0.00471074
10e-6 0.28e-6 0.945 4.89076E-05 0.00489076
10e-6 0.28e-6 0.95 5.07404E-05 0.00507404
10e-6 0.28e-6 0.955 5.26053E-05 0.00526053
10e-6 0.28e-6 0.96 5.4502E-05 0.0054502
10e-6 0.28e-6 0.965 5.64301E-05 0.00564301
10e-6 0.28e-6 0.97 5.83894E-05 0.00583894
10e-6 0.28e-6 0.975 6.03795E-05 0.00603795
10e-6 0.28e-6 0.98 6.24001E-05 0.00624001
10e-6 0.28e-6 0.985 6.44508E-05 0.00644508
10e-6 0.28e-6 0.99 6.65314E-05 0.00665314
10e-6 0.28e-6 0.995 6.86415E-05 0.00686415
10e-6 0.28e-6 1 7.07809E-05 0.00707809
10e-6 0.28e-6 1.005 7.29492E-05 0.00729492
10e-6 0.28e-6 1.01 7.51461E-05 0.00751461
10e-6 0.28e-6 1.015 7.73715E-05 0.00773715
10e-6 0.28e-6 1.02 7.96249E-05 0.00796249
10e-6 0.28e-6 1.025 8.19061E-05 0.00819061
10e-6 0.28e-6 1.03 8.42149E-05 0.00842149
10e-6 0.28e-6 1.035 8.6551E-05 0.0086551
10e-6 0.28e-6 1.04 8.89141E-05 0.00889141
10e-6 0.28e-6 1.045 9.1304E-05 0.0091304
10e-6 0.28e-6 1.05 9.37205E-05 0.00937205
10e-6 0.28e-6 1.055 9.61632E-05 0.00961632
10e-6 0.28e-6 1.06 9.8632E-05 0.0098632
10e-6 0.28e-6 1.065 0.000101127 0.0101127
10e-6 0.28e-6 1.07 0.000103647 0.0103647
10e-6 0.28e-6 1.075 0.000106192 0.0106192
10e-6 0.28e-6 1.08 0.000108763 0.0108763
10e-6 0.28e-6 1.085 0.000111359 0.0111359
10e-6 0.28e-6 1.09 0.000113979 0.0113979
10e-6 0.28e-6 1.095 0.000116624 0.0116624
10e-6 0.28e-6 1.1 0.000119293 0.0119293
10e-6 0.28e-6 1.105 0.000121986 0.0121986
10e-6 0.28e-6 1.11 0.000124703 0.0124703
10e-6 0.28e-6 1.115 0.000127444 0.0127444
10e-6 0.28e-6 1.12 0.000130208 0.0130208
10e-6 0.28e-6 1.125 0.000132996 0.0132996
10e-6 0.28e-6 1.13 0.000135807 0.0135807
10e-6 0.28e-6 1.135 0.000138641 0.0138641
10e-6 0.28e-6 1.14 0.000141497 0.0141497
10e-6 0.28e-6 1.145 0.000144376 0.0144376
10e-6 0.28e-6 1.15 0.000147278 0.0147278
10e-6 0.28e-6 1.155 0.000150201 0.0150201
10e-6 0.28e-6 1.16 0.000153147 0.0153147
10e-6 0.28e-6 1.165 0.000156115 0.0156115
10e-6 0.28e-6 1.17 0.000159104 0.0159104
10e-6 0.28e-6 1.175 0.000162115 0.0162115
10e-6 0.28e-6 1.18 0.000165147 0.0165147
10e-6 0.28e-6 1.185 0.0001682 0.01682
10e-6 0.28e-6 1.19 0.000171275 0.0171275
10e-6 0.28e-6 1.195 0.00017437 0.017437
10e-6 0.28e-6 1.2 0.000177486 0.0177486
10e-6 0.36e-6 0.35 8.51065E-11 8.51065E-09
10e-6 0.36e-6 0.355 9.70943E-11 9.70943E-09
10e-6 0.36e-6 0.36 1.10796E-10 1.10796E-08
10e-6 0.36e-6 0.365 1.26466E-10 1.26466E-08
10e-6 0.36e-6 0.37 1.44382E-10 1.44382E-08
10e-6 0.36e-6 0.375 1.64858E-10 1.64858E-08
10e-6 0.36e-6 0.38 1.88269E-10 1.88269E-08
10e-6 0.36e-6 0.385 2.15031E-10 2.15031E-08
10e-6 0.36e-6 0.39 2.45616E-10 2.45616E-08
10e-6 0.36e-6 0.395 2.80561E-10 2.80561E-08
10e-6 0.36e-6 0.4 3.20502E-10 3.20502E-08
10e-6 0.36e-6 0.405 3.66129E-10 3.66129E-08
10e-6 0.36e-6 0.41 4.18253E-10 4.18253E-08
10e-6 0.36e-6 0.415 4.77791E-10 4.77791E-08
10e-6 0.36e-6 0.42 5.45794E-10 5.45794E-08
10e-6 0.36e-6 0.425 6.2344E-10 6.2344E-08
10e-6 0.36e-6 0.43 7.12093E-10 7.12093E-08
10e-6 0.36e-6 0.435 8.13291E-10 8.13291E-08
10e-6 0.36e-6 0.44 9.28793E-10 9.28793E-08
10e-6 0.36e-6 0.445 1.06059E-09 1.06059E-07
10e-6 0.36e-6 0.45 1.21095E-09 1.21095E-07
10e-6 0.36e-6 0.455 1.38246E-09 1.38246E-07
10e-6 0.36e-6 0.46 1.57804E-09 1.57804E-07
10e-6 0.36e-6 0.465 1.80101E-09 1.80101E-07
10e-6 0.36e-6 0.47 2.05515E-09 2.05515E-07
10e-6 0.36e-6 0.475 2.34472E-09 2.34472E-07
10e-6 0.36e-6 0.48 2.67458E-09 2.67458E-07
10e-6 0.36e-6 0.485 3.05022E-09 3.05022E-07
10e-6 0.36e-6 0.49 3.47785E-09 3.47785E-07
10e-6 0.36e-6 0.495 3.96449E-09 3.96449E-07
10e-6 0.36e-6 0.5 4.51809E-09 4.51809E-07
10e-6 0.36e-6 0.505 5.14761E-09 5.14761E-07
10e-6 0.36e-6 0.51 5.86318E-09 5.86318E-07
10e-6 0.36e-6 0.515 6.67622E-09 6.67622E-07
10e-6 0.36e-6 0.52 7.59959E-09 7.59959E-07
10e-6 0.36e-6 0.525 8.64778E-09 8.64778E-07
10e-6 0.36e-6 0.53 9.83708E-09 9.83708E-07
10e-6 0.36e-6 0.535 1.11858E-08 1.11858E-06
10e-6 0.36e-6 0.54 1.27145E-08 1.27145E-06
10e-6 0.36e-6 0.545 1.44462E-08 1.44462E-06
10e-6 0.36e-6 0.55 1.64068E-08 1.64068E-06
10e-6 0.36e-6 0.555 1.86252E-08 1.86252E-06
10e-6 0.36e-6 0.56 2.11337E-08 2.11337E-06
10e-6 0.36e-6 0.565 2.39686E-08 2.39686E-06
10e-6 0.36e-6 0.57 2.71701E-08 2.71701E-06
10e-6 0.36e-6 0.575 3.07833E-08 3.07833E-06
10e-6 0.36e-6 0.58 3.48583E-08 3.48583E-06
10e-6 0.36e-6 0.585 3.94509E-08 3.94509E-06
10e-6 0.36e-6 0.59 4.46232E-08 4.46232E-06
10e-6 0.36e-6 0.595 5.0444E-08 5.0444E-06
10e-6 0.36e-6 0.6 5.69901E-08 5.69901E-06
10e-6 0.36e-6 0.605 6.43461E-08 6.43461E-06
10e-6 0.36e-6 0.61 7.26061E-08 7.26061E-06
10e-6 0.36e-6 0.615 8.18742E-08 8.18742E-06
10e-6 0.36e-6 0.62 9.22656E-08 9.22656E-06
10e-6 0.36e-6 0.625 1.03907E-07 1.03907E-05
10e-6 0.36e-6 0.63 1.1694E-07 1.1694E-05
10e-6 0.36e-6 0.635 1.31519E-07 1.31519E-05
10e-6 0.36e-6 0.64 1.47814E-07 1.47814E-05
10e-6 0.36e-6 0.645 1.66014E-07 1.66014E-05
10e-6 0.36e-6 0.65 1.86326E-07 1.86326E-05
10e-6 0.36e-6 0.655 2.08976E-07 2.08976E-05
10e-6 0.36e-6 0.66 2.34213E-07 2.34213E-05
10e-6 0.36e-6 0.665 2.62309E-07 2.62309E-05
10e-6 0.36e-6 0.67 2.93562E-07 2.93562E-05
10e-6 0.36e-6 0.675 3.28298E-07 3.28298E-05
10e-6 0.36e-6 0.68 3.66867E-07 3.66867E-05
10e-6 0.36e-6 0.685 4.09655E-07 4.09655E-05
10e-6 0.36e-6 0.69 4.57074E-07 4.57074E-05
10e-6 0.36e-6 0.695 5.09573E-07 5.09573E-05
10e-6 0.36e-6 0.7 5.67631E-07 5.67631E-05
10e-6 0.36e-6 0.705 6.31765E-07 6.31765E-05
10e-6 0.36e-6 0.71 7.02525E-07 7.02525E-05
10e-6 0.36e-6 0.715 7.80494E-07 7.80494E-05
10e-6 0.36e-6 0.72 8.66291E-07 8.66291E-05
10e-6 0.36e-6 0.725 9.6057E-07 9.6057E-05
10e-6 0.36e-6 0.73 1.06401E-06 0.000106401
10e-6 0.36e-6 0.735 1.17734E-06 0.000117734
10e-6 0.36e-6 0.74 1.30129E-06 0.000130129
10e-6 0.36e-6 0.745 1.43662E-06 0.000143662
10e-6 0.36e-6 0.75 1.58414E-06 0.000158414
10e-6 0.36e-6 0.755 1.74464E-06 0.000174464
10e-6 0.36e-6 0.76 1.91895E-06 0.000191895
10e-6 0.36e-6 0.765 2.10789E-06 0.000210789
10e-6 0.36e-6 0.77 2.31231E-06 0.000231231
10e-6 0.36e-6 0.775 2.53303E-06 0.000253303
10e-6 0.36e-6 0.78 2.77089E-06 0.000277089
10e-6 0.36e-6 0.785 3.0267E-06 0.00030267
10e-6 0.36e-6 0.79 3.30127E-06 0.000330127
10e-6 0.36e-6 0.795 3.5954E-06 0.00035954
10e-6 0.36e-6 0.8 3.90984E-06 0.000390984
10e-6 0.36e-6 0.805 4.24532E-06 0.000424532
10e-6 0.36e-6 0.81 4.60256E-06 0.000460256
10e-6 0.36e-6 0.815 4.98222E-06 0.000498222
10e-6 0.36e-6 0.82 5.38494E-06 0.000538494
10e-6 0.36e-6 0.825 5.81131E-06 0.000581131
10e-6 0.36e-6 0.83 6.26188E-06 0.000626188
10e-6 0.36e-6 0.835 6.73716E-06 0.000673716
10e-6 0.36e-6 0.84 7.23762E-06 0.000723762
10e-6 0.36e-6 0.845 7.76367E-06 0.000776367
10e-6 0.36e-6 0.85 8.3157E-06 0.00083157
10e-6 0.36e-6 0.855 8.89403E-06 0.000889403
10e-6 0.36e-6 0.86 9.49891E-06 0.000949891
10e-6 0.36e-6 0.865 1.01306E-05 0.00101306
10e-6 0.36e-6 0.87 1.07892E-05 0.00107892
10e-6 0.36e-6 0.875 1.1475E-05 0.0011475
10e-6 0.36e-6 0.88 1.2188E-05 0.0012188
10e-6 0.36e-6 0.885 1.29284E-05 0.00129284
10e-6 0.36e-6 0.89 1.36961E-05 0.00136961
10e-6 0.36e-6 0.895 1.44913E-05 0.00144913
10e-6 0.36e-6 0.9 1.53139E-05 0.00153139
10e-6 0.36e-6 0.905 1.61638E-05 0.00161638
10e-6 0.36e-6 0.91 1.70411E-05 0.00170411
10e-6 0.36e-6 0.915 1.79456E-05 0.00179456
10e-6 0.36e-6 0.92 1.88772E-05 0.00188772
10e-6 0.36e-6 0.925 1.98358E-05 0.00198358
10e-6 0.36e-6 0.93 2.08213E-05 0.00208213
10e-6 0.36e-6 0.935 2.18335E-05 0.00218335
10e-6 0.36e-6 0.94 2.28723E-05 0.00228723
10e-6 0.36e-6 0.945 2.39375E-05 0.00239375
10e-6 0.36e-6 0.95 2.50288E-05 0.00250288
10e-6 0.36e-6 0.955 2.61462E-05 0.00261462
10e-6 0.36e-6 0.96 2.72893E-05 0.00272893
10e-6 0.36e-6 0.965 2.84581E-05 0.00284581
10e-6 0.36e-6 0.97 2.96523E-05 0.00296523
10e-6 0.36e-6 0.975 3.08717E-05 0.00308717
10e-6 0.36e-6 0.98 3.21161E-05 0.00321161
10e-6 0.36e-6 0.985 3.33853E-05 0.00333853
10e-6 0.36e-6 0.99 3.4679E-05 0.0034679
10e-6 0.36e-6 0.995 3.59971E-05 0.00359971
10e-6 0.36e-6 1 3.73394E-05 0.00373394
10e-6 0.36e-6 1.005 3.87056E-05 0.00387056
10e-6 0.36e-6 1.01 4.00956E-05 0.00400956
10e-6 0.36e-6 1.015 4.1509E-05 0.0041509
10e-6 0.36e-6 1.02 4.29459E-05 0.00429459
10e-6 0.36e-6 1.025 4.44058E-05 0.00444058
10e-6 0.36e-6 1.03 4.58887E-05 0.00458887
10e-6 0.36e-6 1.035 4.73944E-05 0.00473944
10e-6 0.36e-6 1.04 4.89226E-05 0.00489226
10e-6 0.36e-6 1.045 5.04731E-05 0.00504731
10e-6 0.36e-6 1.05 5.20459E-05 0.00520459
10e-6 0.36e-6 1.055 5.36407E-05 0.00536407
10e-6 0.36e-6 1.06 5.52573E-05 0.00552573
10e-6 0.36e-6 1.065 5.68956E-05 0.00568956
10e-6 0.36e-6 1.07 5.85554E-05 0.00585554
10e-6 0.36e-6 1.075 6.02365E-05 0.00602365
10e-6 0.36e-6 1.08 6.19388E-05 0.00619388
10e-6 0.36e-6 1.085 6.3662E-05 0.0063662
10e-6 0.36e-6 1.09 6.54062E-05 0.00654062
10e-6 0.36e-6 1.095 6.7171E-05 0.0067171
10e-6 0.36e-6 1.1 6.89564E-05 0.00689564
10e-6 0.36e-6 1.105 7.07621E-05 0.00707621
10e-6 0.36e-6 1.11 7.25881E-05 0.00725881
10e-6 0.36e-6 1.115 7.44342E-05 0.00744342
10e-6 0.36e-6 1.12 7.63003E-05 0.00763003
10e-6 0.36e-6 1.125 7.81862E-05 0.00781862
10e-6 0.36e-6 1.13 8.00918E-05 0.00800918
10e-6 0.36e-6 1.135 8.2017E-05 0.0082017
10e-6 0.36e-6 1.14 8.39615E-05 0.00839615
10e-6 0.36e-6 1.145 8.59254E-05 0.00859254
10e-6 0.36e-6 1.15 8.79085E-05 0.00879085
10e-6 0.36e-6 1.155 8.99105E-05 0.00899105
10e-6 0.36e-6 1.16 9.19315E-05 0.00919315
10e-6 0.36e-6 1.165 9.39714E-05 0.00939714
10e-6 0.36e-6 1.17 9.60298E-05 0.00960298
10e-6 0.36e-6 1.175 9.81069E-05 0.00981069
10e-6 0.36e-6 1.18 0.000100202 0.0100202
10e-6 0.36e-6 1.185 0.000102316 0.0102316
10e-6 0.36e-6 1.19 0.000104448 0.0104448
10e-6 0.36e-6 1.195 0.000106598 0.0106598
10e-6 0.36e-6 1.2 0.000108766 0.0108766
10e-6 0.50e-6 0.35 3.15279E-11 3.15279E-09
10e-6 0.50e-6 0.355 3.58145E-11 3.58145E-09
10e-6 0.50e-6 0.36 4.0726E-11 4.0726E-09
10e-6 0.50e-6 0.365 4.63443E-11 4.63443E-09
10e-6 0.50e-6 0.37 5.27658E-11 5.27658E-09
10e-6 0.50e-6 0.375 6.01141E-11 6.01141E-09
10e-6 0.50e-6 0.38 6.85218E-11 6.85218E-09
10e-6 0.50e-6 0.385 7.81359E-11 7.81359E-09
10e-6 0.50e-6 0.39 8.91305E-11 8.91305E-09
10e-6 0.50e-6 0.395 1.01705E-10 1.01705E-08
10e-6 0.50e-6 0.4 1.16079E-10 1.16079E-08
10e-6 0.50e-6 0.405 1.32517E-10 1.32517E-08
10e-6 0.50e-6 0.41 1.51308E-10 1.51308E-08
10e-6 0.50e-6 0.415 1.72793E-10 1.72793E-08
10e-6 0.50e-6 0.42 1.97348E-10 1.97348E-08
10e-6 0.50e-6 0.425 2.2541E-10 2.2541E-08
10e-6 0.50e-6 0.43 2.57474E-10 2.57474E-08
10e-6 0.50e-6 0.435 2.94115E-10 2.94115E-08
10e-6 0.50e-6 0.44 3.35973E-10 3.35973E-08
10e-6 0.50e-6 0.445 3.83782E-10 3.83782E-08
10e-6 0.50e-6 0.45 4.38385E-10 4.38385E-08
10e-6 0.50e-6 0.455 5.00738E-10 5.00738E-08
10e-6 0.50e-6 0.46 5.71924E-10 5.71924E-08
10e-6 0.50e-6 0.465 6.53178E-10 6.53178E-08
10e-6 0.50e-6 0.47 7.45905E-10 7.45905E-08
10e-6 0.50e-6 0.475 8.51705E-10 8.51705E-08
10e-6 0.50e-6 0.48 9.7239E-10 9.7239E-08
10e-6 0.50e-6 0.485 1.11003E-09 1.11003E-07
10e-6 0.50e-6 0.49 1.26695E-09 1.26695E-07
10e-6 0.50e-6 0.495 1.44581E-09 1.44581E-07
10e-6 0.50e-6 0.5 1.64961E-09 1.64961E-07
10e-6 0.50e-6 0.505 1.88178E-09 1.88178E-07
10e-6 0.50e-6 0.51 2.14616E-09 2.14616E-07
10e-6 0.50e-6 0.515 2.44712E-09 2.44712E-07
10e-6 0.50e-6 0.52 2.7896E-09 2.7896E-07
10e-6 0.50e-6 0.525 3.17918E-09 3.17918E-07
10e-6 0.50e-6 0.53 3.62216E-09 3.62216E-07
10e-6 0.50e-6 0.535 4.12565E-09 4.12565E-07
10e-6 0.50e-6 0.54 4.69765E-09 4.69765E-07
10e-6 0.50e-6 0.545 5.34719E-09 5.34719E-07
10e-6 0.50e-6 0.55 6.08442E-09 6.08442E-07
10e-6 0.50e-6 0.555 6.92075E-09 6.92075E-07
10e-6 0.50e-6 0.56 7.86902E-09 7.86902E-07
10e-6 0.50e-6 0.565 8.9436E-09 8.9436E-07
10e-6 0.50e-6 0.57 1.01606E-08 1.01606E-06
10e-6 0.50e-6 0.575 1.15382E-08 1.15382E-06
10e-6 0.50e-6 0.58 1.30965E-08 1.30965E-06
10e-6 0.50e-6 0.585 1.48581E-08 1.48581E-06
10e-6 0.50e-6 0.59 1.68484E-08 1.68484E-06
10e-6 0.50e-6 0.595 1.90954E-08 1.90954E-06
10e-6 0.50e-6 0.6 2.16305E-08 2.16305E-06
10e-6 0.50e-6 0.605 2.44888E-08 2.44888E-06
10e-6 0.50e-6 0.61 2.77092E-08 2.77092E-06
10e-6 0.50e-6 0.615 3.13348E-08 3.13348E-06
10e-6 0.50e-6 0.62 3.54138E-08 3.54138E-06
10e-6 0.50e-6 0.625 3.99995E-08 3.99995E-06
10e-6 0.50e-6 0.63 4.51509E-08 4.51509E-06
10e-6 0.50e-6 0.635 5.09337E-08 5.09337E-06
10e-6 0.50e-6 0.64 5.74203E-08 5.74203E-06
10e-6 0.50e-6 0.645 6.46908E-08 6.46908E-06
10e-6 0.50e-6 0.65 7.28341E-08 7.28341E-06
10e-6 0.50e-6 0.655 8.19478E-08 8.19478E-06
10e-6 0.50e-6 0.66 9.21399E-08 9.21399E-06
10e-6 0.50e-6 0.665 1.0353E-07 1.0353E-05
10e-6 0.50e-6 0.67 1.16247E-07 1.16247E-05
10e-6 0.50e-6 0.675 1.30438E-07 1.30438E-05
10e-6 0.50e-6 0.68 1.46258E-07 1.46258E-05
10e-6 0.50e-6 0.685 1.63882E-07 1.63882E-05
10e-6 0.50e-6 0.69 1.83498E-07 1.83498E-05
10e-6 0.50e-6 0.695 2.05314E-07 2.05314E-05
10e-6 0.50e-6 0.7 2.29555E-07 2.29555E-05
10e-6 0.50e-6 0.705 2.56466E-07 2.56466E-05
10e-6 0.50e-6 0.71 2.86311E-07 2.86311E-05
10e-6 0.50e-6 0.715 3.19378E-07 3.19378E-05
10e-6 0.50e-6 0.72 3.55975E-07 3.55975E-05
10e-6 0.50e-6 0.725 3.96432E-07 3.96432E-05
10e-6 0.50e-6 0.73 4.41105E-07 4.41105E-05
10e-6 0.50e-6 0.735 4.9037E-07 4.9037E-05
10e-6 0.50e-6 0.74 5.44627E-07 5.44627E-05
10e-6 0.50e-6 0.745 6.04298E-07 6.04298E-05
10e-6 0.50e-6 0.75 6.69827E-07 6.69827E-05
10e-6 0.50e-6 0.755 7.41678E-07 7.41678E-05
10e-6 0.50e-6 0.76 8.20335E-07 8.20335E-05
10e-6 0.50e-6 0.765 9.06297E-07 9.06297E-05
10e-6 0.50e-6 0.77 1.00008E-06 0.000100008
10e-6 0.50e-6 0.775 1.10221E-06 0.000110221
10e-6 0.50e-6 0.78 1.21324E-06 0.000121324
10e-6 0.50e-6 0.785 1.33369E-06 0.000133369
10e-6 0.50e-6 0.79 1.46414E-06 0.000146414
10e-6 0.50e-6 0.795 1.60512E-06 0.000160512
10e-6 0.50e-6 0.8 1.7572E-06 0.00017572
10e-6 0.50e-6 0.805 1.92091E-06 0.000192091
10e-6 0.50e-6 0.81 2.0968E-06 0.00020968
10e-6 0.50e-6 0.815 2.28539E-06 0.000228539
10e-6 0.50e-6 0.82 2.48721E-06 0.000248721
10e-6 0.50e-6 0.825 2.70274E-06 0.000270274
10e-6 0.50e-6 0.83 2.93247E-06 0.000293247
10e-6 0.50e-6 0.835 3.17686E-06 0.000317686
10e-6 0.50e-6 0.84 3.43634E-06 0.000343634
10e-6 0.50e-6 0.845 3.71132E-06 0.000371132
10e-6 0.50e-6 0.85 4.0022E-06 0.00040022
10e-6 0.50e-6 0.855 4.30933E-06 0.000430933
10e-6 0.50e-6 0.86 4.63302E-06 0.000463302
10e-6 0.50e-6 0.865 4.97355E-06 0.000497355
10e-6 0.50e-6 0.87 5.33122E-06 0.000533122
10e-6 0.50e-6 0.875 5.70624E-06 0.000570624
10e-6 0.50e-6 0.88 6.09885E-06 0.000609885
10e-6 0.50e-6 0.885 6.50923E-06 0.000650923
10e-6 0.50e-6 0.89 6.93753E-06 0.000693753
10e-6 0.50e-6 0.895 7.38391E-06 0.000738391
10e-6 0.50e-6 0.9 7.84846E-06 0.000784846
10e-6 0.50e-6 0.905 8.33127E-06 0.000833127
10e-6 0.50e-6 0.91 8.83242E-06 0.000883242
10e-6 0.50e-6 0.915 9.35195E-06 0.000935195
10e-6 0.50e-6 0.92 9.88988E-06 0.000988988
10e-6 0.50e-6 0.925 1.04462E-05 0.00104462
10e-6 0.50e-6 0.93 1.1021E-05 0.0011021
10e-6 0.50e-6 0.935 1.16141E-05 0.00116141
10e-6 0.50e-6 0.94 1.22256E-05 0.00122256
10e-6 0.50e-6 0.945 1.28554E-05 0.00128554
10e-6 0.50e-6 0.95 1.35034E-05 0.00135034
10e-6 0.50e-6 0.955 1.41696E-05 0.00141696
10e-6 0.50e-6 0.96 1.48539E-05 0.00148539
10e-6 0.50e-6 0.965 1.55562E-05 0.00155562
10e-6 0.50e-6 0.97 1.62764E-05 0.00162764
10e-6 0.50e-6 0.975 1.70144E-05 0.00170144
10e-6 0.50e-6 0.98 1.77702E-05 0.00177702
10e-6 0.50e-6 0.985 1.85435E-05 0.00185435
10e-6 0.50e-6 0.99 1.93344E-05 0.00193344
10e-6 0.50e-6 0.995 2.01426E-05 0.00201426
10e-6 0.50e-6 1 2.09682E-05 0.00209682
10e-6 0.50e-6 1.005 2.18109E-05 0.00218109
10e-6 0.50e-6 1.01 2.26707E-05 0.00226707
10e-6 0.50e-6 1.015 2.35474E-05 0.00235474
10e-6 0.50e-6 1.02 2.44409E-05 0.00244409
10e-6 0.50e-6 1.025 2.53512E-05 0.00253512
10e-6 0.50e-6 1.03 2.6278E-05 0.0026278
10e-6 0.50e-6 1.035 2.72214E-05 0.00272214
10e-6 0.50e-6 1.04 2.81811E-05 0.00281811
10e-6 0.50e-6 1.045 2.9157E-05 0.0029157
10e-6 0.50e-6 1.05 3.01492E-05 0.00301492
10e-6 0.50e-6 1.055 3.11574E-05 0.00311574
10e-6 0.50e-6 1.06 3.21815E-05 0.00321815
10e-6 0.50e-6 1.065 3.32215E-05 0.00332215
10e-6 0.50e-6 1.07 3.42772E-05 0.00342772
10e-6 0.50e-6 1.075 3.53486E-05 0.00353486
10e-6 0.50e-6 1.08 3.64355E-05 0.00364355
10e-6 0.50e-6 1.085 3.75378E-05 0.00375378
10e-6 0.50e-6 1.09 3.86555E-05 0.00386555
10e-6 0.50e-6 1.095 3.97885E-05 0.00397885
10e-6 0.50e-6 1.1 4.09367E-05 0.00409367
10e-6 0.50e-6 1.105 4.20999E-05 0.00420999
10e-6 0.50e-6 1.11 4.32781E-05 0.00432781
10e-6 0.50e-6 1.115 4.44713E-05 0.00444713
10e-6 0.50e-6 1.12 4.56793E-05 0.00456793
10e-6 0.50e-6 1.125 4.6902E-05 0.0046902
10e-6 0.50e-6 1.13 4.81394E-05 0.00481394
10e-6 0.50e-6 1.135 4.93913E-05 0.00493913
10e-6 0.50e-6 1.14 5.06578E-05 0.00506578
10e-6 0.50e-6 1.145 5.19387E-05 0.00519387
10e-6 0.50e-6 1.15 5.3234E-05 0.0053234
10e-6 0.50e-6 1.155 5.45436E-05 0.00545436
10e-6 0.50e-6 1.16 5.58674E-05 0.00558674
10e-6 0.50e-6 1.165 5.72053E-05 0.00572053
10e-6 0.50e-6 1.17 5.85573E-05 0.00585573
10e-6 0.50e-6 1.175 5.99233E-05 0.00599233
10e-6 0.50e-6 1.18 6.13032E-05 0.00613032
10e-6 0.50e-6 1.185 6.2697E-05 0.0062697
10e-6 0.50e-6 1.19 6.41045E-05 0.00641045
10e-6 0.50e-6 1.195 6.55259E-05 0.00655259
10e-6 0.50e-6 1.2 6.69608E-05 0.00669608
